2.925723099708557
2.8790355920791626
2.867414355278015
2.8778318405151366
2.862010288238525
2.9040036678314207
2.8956974506378175
2.8871967077255247
2.8680147886276246
2.9343237400054933
2.9149749755859373
2.907108926773071
2.8709514856338503
2.8818669080734254
2.9066025733947756
2.8845633983612062
2.9247368812561034
2.9045878887176513
2.8822657823562623
2.88571617603302
2.8717150926589965
2.8886801481246946
2.9127179861068724
2.8568289279937744
2.8809978723526
2.872200274467468
2.887676453590393
2.932636857032776
2.9184773921966554
2.9051177978515623
2.895948886871338
2.876470923423767
2.8774935483932493
2.911624240875244
2.912737989425659
2.884542536735535
2.883116626739502
2.8782081842422484
2.8850099802017213
2.8924474716186523
2.897866463661194
2.873457741737366
2.896414852142334
2.8871896982192995
2.8837872982025146
2.870013451576233
2.8944931268692016
2.8795873403549193
2.8787551641464235
2.9012359380722046
2.884627938270569
2.8856894254684446
2.888887310028076
2.90214204788208
2.863339591026306
2.8674439907073976
2.9005035400390624
2.8801918029785156
2.8727725744247437
2.8813913106918334
2.9105135917663576
2.9039609670639037
2.8633358240127564
2.8843223094940185
2.857322931289673
2.8736469984054565
2.851312828063965
2.8750363111495973
2.8666249752044677
2.918733596801758
2.897411561012268
2.869806909561157
2.8950559854507447
2.8760639429092407
2.8819352865219114
2.9060628414154053
2.9008558988571167
2.900462436676025
2.9130805492401124
2.913745474815369
2.874501347541809
2.8794651508331297
2.86590313911438
2.924712038040161
2.8837316751480104
2.898694896697998
2.866838836669922
2.8692261457443236
2.9008933305740356
2.8691659212112426
2.8654218196868895
2.898995113372803
2.8768731117248536
2.8735347032546996
2.866838002204895
2.8720720291137694
2.9125161170959473
2.903767228126526
2.88384211063385
2.8848222732543944
2.9022847414016724
2.917812943458557
2.8433782339096068
2.8920800924301147
2.9030910968780517
2.8821789503097532
2.8666245698928834
2.9288861036300657
2.85607795715332
2.9109265565872193
2.907361078262329
2.874782371520996
2.8735949754714967
2.8958250522613525
2.8872883796691893
2.863718843460083
2.8701354026794434
2.890593981742859
2.8749885082244875
2.916579174995422
2.90861554145813
2.882015061378479
2.860012078285217
2.885997271537781
2.8673137426376343
2.8988566160202027
2.8885931015014648
2.8684719800949097
2.8708827972412108
2.870957279205322
2.8783663749694823
2.8770939826965334
2.888794469833374
2.9021903038024903
2.8664600610733033
2.9142078876495363
2.8519856929779053
2.862030553817749
2.8508986949920656
2.900061249732971
2.910866856575012
2.8810840368270876
2.852107834815979
2.8701131105422975
2.8520962953567506
2.8719865560531614
2.8684802055358887
2.893473267555237
2.877060317993164
2.8790462255477904
2.8593146324157717
2.863617753982544
2.867973780632019
2.859504985809326
2.85788037776947
2.888310766220093
2.8853086709976195
2.8826399087905883
2.854890561103821
2.8830603122711183
2.8729469776153564
2.854532551765442
2.928879904747009
2.859529805183411
2.869979214668274
2.8524426937103273
2.862248086929321
2.8563183546066284
2.894304299354553
2.871408295631409
2.8439111948013305
2.9012426853179933
2.860071086883545
2.8410211324691774
2.916456151008606
2.859689950942993
2.844021224975586
2.8403361797332765
2.8961580276489256
2.86990704536438
2.8449793100357055
2.884239363670349
2.9128992557525635
2.877429556846619
2.84950270652771
2.9058311939239503
2.8933332443237303
2.8609355449676515
2.8647531270980835
2.8495519399642943
2.87819390296936
2.8824184417724608
2.871699357032776
2.8373012065887453
2.8987974643707277
2.863912558555603
2.894815278053284
2.9212546348571777
2.8856370210647584
2.880717134475708
2.897592568397522
2.8726966619491576
2.9062113761901855
2.8813344955444338
2.863465094566345
2.844966721534729
2.911180877685547
2.8590922355651855
2.8651895046234133
2.888673686981201
2.8687175512313843
2.861136531829834
2.890324521064758
2.8687150955200194
2.8646844148635866
2.8519505977630617
2.8743461847305296
2.8520182371139526
2.9027697086334228
2.888864541053772
2.85564386844635
2.8674935817718508
2.8887377977371216
2.891400170326233
2.875183272361755
2.8470927238464356
2.879335880279541
2.8277491092681886
2.8414566040039064
2.8969861268997192
2.8658081769943236
2.897012734413147
2.858432674407959
2.8486446380615233
2.874677562713623
2.8040061712265016
2.8562855243682863
2.906377911567688
2.8737348079681397
2.8605589866638184
2.8392942190170287
2.8571868419647215
2.9106367349624636
2.9043894052505492
2.9016714334487914
2.935319757461548
2.8577114820480345
2.855973792076111
2.8820666551589964
2.853043007850647
2.8627262115478516
2.8305354833602907
2.833597469329834
2.9138943195343017
2.8732136249542237
2.8775997161865234
2.872007393836975
2.8460338830947878
2.7981083154678346
2.8523643970489503
2.831456685066223
2.866970920562744
2.8656559705734255
2.870172643661499
2.843706154823303
2.8989485263824464
2.9319724321365355
2.840932106971741
2.8570363521575928
2.8750497817993166
2.8476938962936402
2.9231353521347048
2.8186147451400756
2.869225001335144
2.8395171880722048
2.8068387269973756
2.9280100107192992
2.8879849910736084
2.8559105157852174
2.902670431137085
2.807639980316162
2.8238749265670777
2.8709450483322145
2.8196163177490234
2.8590121507644652
2.8897316455841064
2.869586372375488
2.892563223838806
2.8720099449157717
2.8634915590286254
2.881652569770813
2.8344526052474976
2.9004757404327393
2.8265273809432983
2.9114234685897826
2.883916234970093
2.84170982837677
2.8782933950424194
2.8997884511947634
2.8618205547332765
2.845762848854065
2.888953757286072
2.884620523452759
2.8554213523864744
2.854512619972229
2.8404181957244874
2.8747872352600097
2.8896697044372557
2.8827675104141237
2.8122425079345703
2.860975956916809
2.821480226516724
2.864400291442871
2.889953279495239
2.873774695396423
2.8529411792755126
2.8384475469589234
2.8547771692276003
2.8513874053955077
2.8484203577041627
2.8687523365020753
2.8803863763809203
2.8817919969558714
2.8354490995407104
2.8239989280700684
2.870252251625061
2.8448346138000487
2.837367534637451
2.864160490036011
2.9058051347732543
2.8370781421661375
2.819224143028259
2.873617172241211
2.882600688934326
2.872889542579651
2.8516592741012574
2.8188130140304564
2.8688683032989504
2.8702295541763307
2.865901017189026
2.811694598197937
2.86878387928009
2.885112690925598
2.7885936737060546
2.8707446813583375
2.7907222270965577
2.888813591003418
2.8298355102539063
2.9248943567276
2.8299091815948487
2.8698878288269043
2.8208627223968508
2.832967519760132
2.9101458549499513
2.8870163917541505
2.8298625707626344
2.855302882194519
2.869234228134155
2.853013515472412
2.859975481033325
2.822650909423828
2.872183847427368
2.8626249551773073
2.8432228803634643
2.866408848762512
2.8708710193634035
2.930254101753235
2.86198308467865
2.8518792152404786
2.9052485704421995
2.857434701919556
2.8159772872924806
2.836186933517456
2.8752036333084106
2.897654414176941
2.846867632865906
2.863192582130432
2.88839271068573
2.8437755823135378
2.8845730304718016
2.875153136253357
2.8384078979492187
2.8799686670303344
2.908167004585266
2.8836767196655275
2.805048704147339
2.854922890663147
2.9088847160339357
2.808448314666748
2.9038435935974123
2.828122615814209
2.848610854148865
2.8522951126098635
2.849295806884766
2.77660870552063
2.859281396865845
2.8302446842193603
2.89659378528595
2.8585157871246336
2.785976219177246
2.8373471021652223
2.7963016748428347
2.88321738243103
2.8411492347717284
2.7487205266952515
2.8552189111709594
2.8579509019851685
2.8481886863708494
2.8286649703979494
2.8191341876983644
2.8157546043396
2.847154664993286
2.8191436290740968
2.8866126775741576
2.7982531547546388
2.869004511833191
2.8754777193069456
2.9506863594055175
2.877537250518799
2.8280837297439576
2.889666032791138
2.812929654121399
2.8683602809906006
2.843061995506287
2.8501012563705443
2.8876063346862795
2.8741766214370728
2.8623451232910155
2.8215038776397705
2.898099946975708
2.814317774772644
2.8285186529159545
2.8559405326843263
2.819749450683594
2.879533386230469
2.830903697013855
2.863647222518921
2.888134574890137
2.8288025140762327
2.9217435359954833
2.8581244945526123
2.880480694770813
2.8422852039337156
2.795936703681946
2.9075411558151245
2.858620810508728
2.8562827348709106
2.815084958076477
2.9179188013076782
2.8716630220413206
2.8858033180236817
2.7926132917404174
2.841052532196045
2.8549544334411623
2.854839253425598
2.865572142601013
2.8670235872268677
2.8935136795043945
2.8029067516326904
2.805705499649048
2.812321901321411
2.8465017557144163
2.822003221511841
2.908034896850586
2.8201322317123414
2.8740679740905763
2.8450048208236693
2.908201503753662
2.8623962879180906
2.861096501350403
2.8358548402786257
2.9343284130096436
2.854689383506775
2.778670620918274
2.8263041257858275
2.8472193002700807
2.8437544822692873
2.9002453327178954
2.8656096935272215
2.834859538078308
2.8777284145355226
2.8969455003738402
2.8513237953186037
2.8727766036987306
2.8243170261383055
2.7995856285095213
2.8045740604400633
2.870046854019165
2.85850305557251
2.869090175628662
2.803113055229187
2.7662340879440306
2.8102355003356934
2.8589653253555296
2.8949113130569457
2.8163759469985963
2.8881983041763304
2.820492148399353
2.843903088569641
2.8447243928909303
2.8669222354888917
2.81898832321167
2.862253260612488
2.8797634840011597
2.8567378520965576
2.7933197259902953
2.8585057497024535
2.8763070583343504
2.8585724353790285
2.82950873374939
2.859088182449341
2.832346272468567
2.8674865484237673
2.8262253999710083
2.8894393920898436
2.869593930244446
2.8663647174835205
2.813786816596985
2.8471186876297
2.821078395843506
2.8810816287994383
2.887801456451416
2.874415707588196
2.897473621368408
2.7836198806762695
2.8495715141296385
2.827605128288269
2.816560387611389
2.8373746633529664
2.8718777656555177
2.839860510826111
2.837590765953064
2.836130475997925
2.779780912399292
2.8112099885940554
2.8839461326599123
2.8337920665740968
2.859547829627991
2.791202425956726
2.8887402296066282
2.8464226007461546
2.8544899225234985
2.841219186782837
2.895204710960388
2.8577765464782714
2.884581708908081
2.8380521535873413
2.7822655916213987
2.856068992614746
2.7663400888442995
2.888848567008972
2.828881549835205
2.840935754776001
2.8180816173553467
2.8520583391189573
2.859755206108093
2.8740752696990968
2.854340672492981
2.920794224739075
2.8989724636077883
2.8704701900482177
2.8144097566604613
2.8835681438446046
2.7745237827301024
2.8471042633056642
2.834199404716492
2.8426677703857424
2.828925919532776
2.8672412633895874
2.854852795600891
2.8123649835586546
2.8484298467636107
2.8387742757797243
2.804124689102173
2.8296500205993653
2.8103463888168334
2.8363317251205444
2.8302138566970827
2.784348201751709
2.785702705383301
2.8216842651367187
2.8571865797042846
2.8429898738861086
2.8424705982208254
2.8314417362213136
2.890298867225647
2.801953887939453
2.8085424423217775
2.836617684364319
2.8151639223098757
2.785649609565735
2.734251117706299
2.8343141078948975
2.8020923852920534
2.8405869960784913
2.8189494609832764
2.893103337287903
2.7843036890029906
2.815332555770874
2.8754376649856566
2.8521251678466797
2.8246680021286013
2.837037944793701
2.838206672668457
2.8032269716262816
2.8627822160720826
2.877329683303833
2.836116886138916
2.8287230730056763
2.836677813529968
2.7880584955215455
2.8402915000915527
2.860353922843933
2.8461177110672
2.8312509059906006
2.8184643745422364
2.836362028121948
2.8575761318206787
2.8251476526260375
2.8656354427337645
2.813161778450012
2.8529442310333253
2.781772494316101
2.814446806907654
2.7743529081344604
2.8627034187316895
2.791238236427307
2.8452017068862916
2.8295324563980104
2.835621213912964
2.8083786487579347
2.8823597908020018
2.8208975315093996
2.840426874160767
2.8086850881576537
2.8078479051589964
2.7630433797836305
2.862762427330017
2.827877926826477
2.779123854637146
2.867275094985962
2.8326348304748534
2.8492197751998902
2.800651717185974
2.803596305847168
2.8037506103515626
2.858857035636902
2.820435333251953
2.8611052989959718
2.8257855653762816
2.839317965507507
2.88559513092041
2.8622144937515257
2.8388659238815306
2.778246593475342
2.7998241901397707
2.7813196182250977
2.824176287651062
2.9001995086669923
2.79181170463562
2.790938115119934
2.825707197189331
2.860615062713623
2.810731840133667
2.783760190010071
2.8381379365921022
2.7862111806869505
2.842362880706787
2.787105417251587
2.804707336425781
2.8003933668136596
2.7910506963729858
2.8367833852767945
2.84387469291687
2.770498585700989
2.8327783346176147
2.8495787143707276
2.8006040334701536
2.8259609222412108
2.8599923610687257
2.842984938621521
2.8652714490890503
2.833165979385376
2.8131646394729612
2.808764433860779
2.8378432512283327
2.8590221405029297
2.8374356031417847
2.820965361595154
2.783655881881714
2.7894817113876345
2.7663817405700684
2.8416332483291624
2.8179811000823975
2.811043310165405
2.8478212118148805
2.810610628128052
2.8841490268707277
2.8192562818527223
2.835422897338867
2.8049645900726317
2.811973452568054
2.802663207054138
2.844869017601013
2.834296774864197
2.8309527158737184
2.7370975255966186
2.833320903778076
2.7377869844436646
2.8561082601547243
2.7941165447235106
2.8216654539108275
2.8282421588897706
2.8657980442047117
2.864500856399536
2.857462668418884
2.7946191310882567
2.8515968799591063
2.803373694419861
2.8406623125076296
2.7737893581390383
2.8047605752944946
2.807816481590271
2.8278295278549193
2.799392580986023
2.8294699430465697
2.7965803146362305
2.836182880401611
2.815166783332825
2.8296353340148928
2.7794073581695558
2.803573250770569
2.8284247398376463
2.841105890274048
2.8318800926208496
2.7889577627182005
2.844623637199402
2.794547748565674
2.789562201499939
2.794207978248596
2.8038925409317015
2.8440794944763184
2.7133064746856688
2.81796247959137
2.825285458564758
2.7774473905563353
2.7486843347549437
2.809244656562805
2.7715770959854127
2.829730248451233
2.836353969573975
2.758212184906006
2.7687057495117187
2.8057298183441164
2.819740390777588
2.8204571485519407
2.8358775854110716
2.7926819801330565
2.8526275157928467
2.8584033250808716
2.837914967536926
2.8315529346466066
2.7757841825485228
2.7935879707336424
2.7760719776153566
2.723319149017334
2.8299479722976684
2.8202035188674928
2.736944627761841
2.786936116218567
2.8228445053100586
2.755654764175415
2.7826613664627073
2.815399980545044
2.796724486351013
2.8198363542556764
2.8111677408218383
2.7628350973129274
2.7493372201919555
2.771437239646912
2.789340114593506
2.8673081159591676
2.7997879505157472
2.793737363815308
2.8440645217895506
2.7854118585586547
2.875337839126587
2.8549363136291506
2.7755859375
2.7446332693099977
2.755078339576721
2.8299151420593263
2.8188061475753785
2.74356529712677
2.6913289785385133
2.7967538595199586
2.7454742193222046
2.736247205734253
2.8505249500274656
2.784788179397583
2.8423459768295287
2.7897385358810425
2.8226554155349732
2.7223474979400635
2.663456988334656
2.8641514778137207
2.8368658065795898
2.8281156063079833
2.800025725364685
2.8558384656906126
2.7839961290359496
2.8007131099700926
2.824892544746399
2.7500850915908814
2.816344976425171
2.7676019430160523
2.7754284381866454
2.7909645557403566
2.7443315744400025
2.8287939548492433
2.8525927543640135
2.8213645935058596
2.741723155975342
2.7858126878738405
2.8399898052215575
2.8327428340911864
2.798705720901489
2.8056467533111573
2.825595164299011
2.7915814876556397
2.7640644550323485
2.8084407567977907
2.7663383722305297
2.843067240715027
2.7285383701324464
2.8545636415481566
2.802835392951965
2.793735694885254
2.821399426460266
2.7708980083465575
2.8090561628341675
2.8005862474441527
2.7299872159957888
2.7405181169509887
2.7919177055358886
2.7535951375961303
2.7819558143615724
2.8082324266433716
2.764190936088562
2.813747763633728
2.75385160446167
2.766327238082886
2.7165122270584106
2.8270394563674928
2.7528907299041747
2.7627624750137327
2.7742785692214964
2.771003818511963
2.7960911273956297
2.807998871803284
2.8035573244094847
2.7691185235977174
2.796538472175598
2.7575901985168456
2.831608510017395
2.7501452684402468
2.799421691894531
2.779664731025696
2.754859209060669
2.7674583435058593
2.7606649160385133
2.8019116163253783
2.7592960357666017
2.6338000774383543
2.6687077045440675
2.818356990814209
2.8311262130737305
2.7616478204727173
2.7749860525131225
2.772839832305908
2.711956763267517
2.7576596260070803
2.758680820465088
2.8487049102783204
2.7542382001876833
2.7089158296585083
2.7782360076904298
2.8430630207061767
2.7531296253204345
2.7577304363250734
2.8069268226623536
2.781094455718994
2.8451810121536254
2.73648464679718
2.7783526182174683
2.7643794298171995
2.835472559928894
2.7831512928009032
2.7728721380233763
2.846380829811096
2.8249950885772703
2.839429521560669
2.833537483215332
2.6495684146881104
2.783009338378906
2.72847204208374
2.6288885831832887
2.8086379289627077
2.8187090396881103
2.7595664501190185
2.8143576860427855
2.7500840187072755
2.7999144792556763
2.743040084838867
2.7404735326766967
2.750602674484253
2.776384401321411
2.7776293754577637
2.823645567893982
2.798165130615234
2.7330767154693603
2.76632399559021
2.664294934272766
2.730426216125488
2.824907374382019
2.7936716318130492
2.802716279029846
2.6597132444381715
2.751092457771301
2.7222645759582518
2.651262068748474
2.6899080991744997
2.6469125032424925
2.6486154556274415
2.680550956726074
2.85898597240448
2.8505577564239504
2.7786446094512938
2.8013843059539796
2.811562752723694
2.7530147075653075
2.711403512954712
2.7608224868774416
2.820217800140381
2.8381070137023925
2.755455803871155
2.795192527770996
2.8394890069961547
2.7275790929794312
2.7357154369354246
2.793690490722656
2.818584442138672
2.8054051876068113
2.9201083421707152
2.6959700107574465
2.7801259994506835
2.7152451038360597
2.71409649848938
2.654060220718384
2.8285333633422853
2.784175658226013
2.7464996576309204
2.801063895225525
2.729408693313599
2.8352741479873655
2.786582899093628
2.7210450172424316
2.768101119995117
2.6560529470443726
2.7611736536026
2.7085868954658507
2.828961944580078
2.7431314468383787
2.7722102880477903
2.6810197114944456
2.779355525970459
2.6997600317001345
2.8089863300323485
2.717421817779541
2.6940262794494627
2.7746102809906006
2.7428142786026
2.7753859758377075
2.844669961929321
2.6698877096176146
2.7769338369369505
2.7567808389663697
2.7294756889343263
2.7830984354019166
2.778231954574585
2.7377317428588865
2.820255255699158
2.7650248765945435
2.83872447013855
2.7408478975296022
2.8046262741088865
2.6830745220184324
2.7078739404678345
2.7906890392303465
2.7132104635238647
2.812724161148071
2.7995247840881348
2.8153067588806153
2.7844677686691286
2.7349441051483154
2.6083324670791628
2.781958556175232
2.650165343284607
2.624279057979584
2.7326828241348267
2.7672210454940798
2.726994180679321
2.6956793546676634
2.8017404556274412
2.762695789337158
2.6065237760543822
2.7451382160186766
2.717276191711426
2.7338242292404176
2.6818254470825194
2.74430091381073
2.748035359382629
2.732066035270691
2.663498950004578
2.8124699115753176
2.735132169723511
2.8177191257476806
2.7424158096313476
2.7765621662139894
2.6916874170303347
2.7368053436279296
2.7578813552856447
2.6650736331939697
2.8222282409667967
2.800406789779663
2.7000519275665282
2.7937561511993407
2.6932693243026735
2.8368365287780763
2.760940408706665
2.644846487045288
2.689024829864502
2.7674822330474855
2.749430775642395
2.791969871520996
2.778857970237732
2.6338793516159056
2.690799903869629
2.7401588916778565
2.7856101274490355
2.665612006187439
2.7430914878845214
2.7899654626846315
2.7503580808639527
2.7475824475288393
2.7637452840805055
2.6605345726013185
2.8264839172363283
2.6835089683532716
2.7273126363754274
2.674409866333008
2.640659236907959
2.614248752593994
2.676693558692932
2.740218710899353
2.768444275856018
2.7467514991760256
2.7186709880828857
2.8068824768066407
2.7747597217559816
2.803567671775818
2.7972162485122682
2.7315337657928467
2.6190342783927916
2.7779507637023926
2.7789484024047852
2.773960518836975
2.7924222469329836
2.7662210941314695
2.7312731742858887
2.7899996042251587
2.6826057910919188
2.6976885318756105
2.68786141872406
2.7299309015274047
2.5181970834732055
2.7432120084762572
2.7557618856430053
2.788506603240967
2.818538522720337
2.859952473640442
2.698053407669067
2.7047604084014893
2.780320644378662
2.7911447286605835
2.8152543783187864
2.6742844104766847
2.7297473430633543
2.732818865776062
2.6964697360992433
2.7668584823608398
2.7147237062454224
2.685567593574524
2.7735806941986083
2.7356729984283445
2.6740444183349608
2.7280802965164184
2.6366721630096435
2.6114248037338257
2.7766347169876098
2.724654293060303
2.678001046180725
2.7453637599945067
2.6896021366119385
2.5959720373153687
2.6873710632324217
2.7025248289108275
2.649769687652588
2.652264928817749
2.6771523714065553
2.7274855375289917
2.7618964672088624
2.7205683469772337
2.630193090438843
2.755427598953247
2.645505666732788
2.718813395500183
2.64421124458313
2.7286263942718505
2.719320559501648
2.7490267992019652
2.7282426834106444
2.8166845560073854
2.8313063383102417
2.6956511735916138
2.747179698944092
2.77433705329895
2.792540502548218
2.7740803956985474
2.6978897571563722
2.787821650505066
2.529719018936157
2.747682476043701
2.6055766344070435
2.7363475561141968
2.7600817680358887
2.7135332345962526
2.5705397367477416
2.6870853900909424
2.7704619646072386
2.36369549036026
2.6960397481918337
2.7252740144729612
2.653425192832947
2.606030058860779
2.691179943084717
2.6698087215423585
2.5866876602172852
2.6524291038513184
2.8485307931900024
2.684466814994812
2.676591682434082
2.6970266580581663
2.681948947906494
2.6215561866760253
2.7519745349884035
2.590577173233032
2.5959898710250853
2.723106837272644
2.63579261302948
2.5831847548484803
2.61753249168396
2.6257737159729
2.692475748062134
2.746340107917786
2.815484809875488
2.730349826812744
2.6024728059768676
2.791448187828064
2.7555246353149414
2.7444414854049684
2.6775929927825928
2.6278239130973815
2.5496215343475344
2.6890191555023195
2.2992012023925783
2.7052112340927126
2.714784049987793
2.6517001390457153
2.666302514076233
2.732195591926575
2.80708966255188
2.6565253019332884
2.6374319314956667
2.7794864654541014
2.604769802093506
2.503272235393524
2.6944534301757814
2.6571209907531737
2.677660822868347
2.605986404418945
2.5368163228034972
2.6972015142440795
2.6772296905517576
2.75507709980011
2.7023144364356995
2.7245714902877807
2.6077178478240968
2.6939650535583497
2.5921401500701906
2.655936932563782
2.7553403854370115
2.4421949863433836
2.737121844291687
2.6925492167472838
2.6153372049331667
2.7741461992263794
2.6726484060287476
2.693366193771362
2.6851523160934447
2.7490987539291383
2.695549464225769
2.7681442737579345
2.735086178779602
2.6562246084213257
2.5590267896652223
2.461569440364838
2.5821451544761658
2.6109601140022276
2.700203800201416
2.7115102767944337
2.700641918182373
2.5953197956085203
2.6642245054244995
2.806532454490662
2.774329996109009
2.519992434978485
2.6653971433639527
2.5283525824546813
2.5746630430221558
2.588361918926239
2.7082295179367066
2.632146215438843
2.66127405166626
2.6614124059677122
2.7253655672073362
2.6667044401168822
2.594217896461487
2.6163021445274355
2.670786190032959
2.6951124906539916
2.6959802150726317
2.6985623359680178
2.7657784461975097
2.566401982307434
2.4670438408851623
2.4140047311782835
2.732597756385803
2.6115213871002196
2.759285020828247
2.77138147354126
2.6866822957992555
2.5786219120025633
2.7810492277145387
2.722855567932129
2.6615787744522095
2.6634578466415406
2.6974696636199953
2.677739691734314
2.606705355644226
2.6794071912765505
2.7589676856994627
2.6936110258102417
2.639452362060547
2.673184609413147
2.5866312384605408
2.560529053211212
2.603342318534851
2.718607759475708
2.4760000228881838
2.723156142234802
2.757659935951233
2.7278682708740236
2.7281569480895995
2.769949698448181
2.642251741886139
2.610639047622681
2.527081274986267
2.526295709609985
2.718327784538269
2.696982431411743
2.620951271057129
2.6422202587127686
2.467844617366791
2.6459213495254517
2.569217765331268
2.656737756729126
2.648337197303772
2.6692110300064087
2.70331928730011
2.693781316280365
2.586907720565796
2.792570638656616
2.4787765026092528
2.529384636878967
2.7315793514251707
2.6616503953933717
2.722696042060852
2.4844431638717652
2.643044686317444
2.5688958525657655
2.7250873327255247
2.7214882135391236
2.710502767562866
2.538768672943115
2.4734476089477537
2.2990965127944945
2.8028042793273924
2.540180492401123
2.5950470209121703
2.4934888005256655
2.7418681383132935
2.7184236526489256
2.5503756999969482
2.576854133605957
2.7271546125411987
2.735462951660156
2.538298463821411
2.759857177734375
2.5245407223701477
2.692067098617554
2.535305380821228
2.7331255435943604
2.603297781944275
2.552230787277222
2.6851741075515747
2.4927270293235777
2.6420966506004335
2.532709467411041
2.5233381628990172
2.5238561153411867
2.5188961029052734
2.4317346930503847
2.575225901603699
2.4391905903816222
2.4835107207298277
2.557281565666199
2.563061738014221
2.712904119491577
2.5630813598632813
2.3868257999420166
2.6804474592208862
2.486331212520599
2.5383519172668456
2.354989767074585
2.7405070543289183
2.538744843006134
2.591742157936096
2.5260814905166624
2.5625232219696046
2.466894578933716
2.6451855897903442
2.4411505222320558
2.667961800098419
2.7446876525878907
2.489032256603241
2.741669845581055
2.639991545677185
2.671797275543213
2.5996891021728517
2.620523977279663
2.410783624649048
2.6104502439498902
2.5450573444366453
2.612838077545166
2.494962692260742
2.6092804670333862
2.6217294454574587
2.649236249923706
2.5061534643173218
2.622171401977539
2.429468607902527
2.3952259182929994
2.7660539627075194
2.6404542207717894
2.6043110609054567
2.4867463231086733
2.683046054840088
2.4989083409309387
2.5923062562942505
2.5644834995269776
2.6927984714508058
2.578124475479126
2.5596174955368043
2.5070226788520813
2.4546050667762755
2.4931278347969057
2.6133352756500243
2.467797029018402
2.6157322406768797
2.5927654027938845
2.5307467460632322
2.3494879007339478
2.395529580116272
2.514885139465332
2.4048107981681826
2.3686718106269837
2.8216420888900755
2.5684672713279726
2.576400566101074
2.491645872592926
2.519348382949829
2.445757305622101
2.65374698638916
2.5591261863708494
2.5779733300209045
2.4110783100128175
2.5143614530563356
2.741368532180786
2.5639044761657717
2.299944007396698
2.556695353984833
2.5028350353240967
2.718592345714569
2.688624858856201
2.4064718008041384
2.4540225744247435
2.5738253355026246
2.455751323699951
2.5808741092681884
2.4944737434387205
2.682358431816101
2.41676744222641
2.507084846496582
2.614540934562683
2.427039349079132
2.383424925804138
2.6176066398620605
2.267607533931732
2.5030481576919557
2.724039173126221
2.384594988822937
2.5015076875686644
2.5046255707740785
2.411193108558655
2.5678096294403074
2.529360818862915
2.6431584119796754
2.3871771812438967
2.497169017791748
2.694341516494751
2.3047718167304994
2.640441060066223
2.3640340685844423
2.5114332318305967
2.4288177132606505
2.4200848579406737
2.278864872455597
2.6747442960739134
2.139075255393982
2.487664783000946
2.38086661696434
2.6256556510925293
2.492051124572754
2.4924942374229433
2.6631131172180176
2.483709990978241
2.554682993888855
2.652024030685425
2.4621333360671995
2.395876371860504
2.2899871587753298
2.547917890548706
2.342008852958679
2.3886545419692995
2.128288412094116
2.416427731513977
2.580703413486481
2.508577299118042
2.249454027414322
2.379268562793732
2.487882113456726
2.5446485042572022
2.433207559585571
2.5229206323623656
2.4893366932868957
2.5392362117767333
2.378678572177887
2.324338126182556
2.7987130880355835
2.5495940446853638
2.3341140270233156
2.622683572769165
2.474554741382599
2.530015397071838
2.452141058444977
2.5142091512680054
2.5675293803215027
2.3330797255039215
2.51498429775238
2.7835596561431886
2.378923213481903
2.3704975664615633
2.7232495069503786
2.711218297481537
2.6603255748748778
2.2957438945770265
2.5167462706565855
2.494670844078064
2.4526124954223634
2.611022877693176
2.6042317032814024
2.640303611755371
2.6446769714355467
2.42867112159729
2.4209296345710754
2.3357705652713774
2.640941882133484
2.1090349674224855
2.3223769426345826
2.5314482688903808
2.578338050842285
2.250974029302597
2.2802410542964937
2.557681310176849
2.6057615280151367
2.532621693611145
2.632975971698761
2.6013429880142214
2.6005904912948608
2.2630039930343626
2.4540430426597597
2.5221725702285767
2.4500638604164124
2.6358138799667357
2.4277535676956177
2.7556468725204466
2.4382685899734495
2.385940194129944
2.5348697185516356
2.3674524426460266
2.515955698490143
2.469722402095795
2.4383492708206176
2.3070371985435485
2.425985598564148
2.565209460258484
2.253141164779663
2.7473322629928587
2.607717978954315
2.546323025226593
2.5405911684036253
2.396636116504669
2.4177186131477355
2.605458378791809
2.6033645629882813
2.3696247696876527
2.458179259300232
2.5805785059928894
2.4850693583488463
2.4679317355155943
2.5010270476341248
2.5765649914741515
2.253288996219635
2.5209701299667358
2.305071806907654
2.435081589221954
2.4607868552207948
2.4891513109207155
2.500692129135132
2.5244318008422852
2.5215326070785524
2.3630158066749574
2.378593146800995
2.3211042642593385
2.5497449159622194
2.460366368293762
2.405484616756439
2.4098057746887207
2.283531606197357
2.524457335472107
2.3458442211151125
2.4615854620933533
2.3615812420845033
2.374589240550995
2.566224765777588
2.4657632231712343
2.4508503913879394
2.4629228591918944
2.6127068281173704
2.251834785938263
2.610571765899658
2.328882324695587
2.1230141639709474
2.448003053665161
2.291369676589966
2.3080610275268554
2.3212921738624575
2.4421250343322756
2.2344725131988525
2.3810539484024047
2.416016864776611
2.4844962120056153
2.5186661958694456
2.590350127220154
2.4703170895576476
2.3955103397369384
2.667698526382446
2.646945071220398
2.523239779472351
2.5826107978820803
2.275009274482727
2.3288872957229616
2.3712805032730104
2.46495760679245
2.4488889455795286
2.4494141817092894
2.27655770778656
2.474853277206421
2.2625362515449523
2.5723315954208372
2.3017063200473786
2.488525915145874
2.227029687166214
2.477960133552551
2.487808036804199
2.4683026313781737
2.266538083553314
2.456438946723938
2.3149993419647217
2.088468837738037
2.4642491698265077
2.306862139701843
2.405702757835388
2.3668184757232664
2.146301639080048
2.4842367649078367
2.412841463088989
2.62276713848114
2.5109077215194704
2.272505056858063
2.511231803894043
2.375200116634369
2.4608866810798644
2.3559904396533966
2.2463136196136473
2.2327877074480056
2.4064014554023743
2.402218812704086
2.6010239839553835
2.301864302158356
2.2162256836891174
2.280337405204773
2.5761035919189452
2.1627062916755677
2.0788581013679504
2.698998141288757
2.403521943092346
2.301110935211182
2.4203313112258913
2.5459805607795714
2.639980673789978
2.5298170924186705
2.385743594169617
2.475120520591736
2.405932641029358
2.461533522605896
2.221396338939667
2.299333691596985
2.1965126633644103
2.404894471168518
2.27193843126297
2.3076213598251343
2.4649478435516357
2.55893532037735
2.2968574285507204
2.2554523944854736
2.53831148147583
2.4668901681900026
2.4989942789077757
2.519620954990387
2.4532397866249083
2.427830171585083
2.5836213350296022
2.496684265136719
2.4004970371723173
2.1392909407615663
2.3841989636421204
2.5054168820381166
2.158834171295166
2.0864640533924104
2.284036135673523
2.222651278972626
2.3332712292671203
2.5515029311180113
2.291028642654419
2.2739994645118715
2.5072245061397553
2.112183356285095
2.283033776283264
2.3904990196228026
2.089818114042282
2.3914443254470825
2.605016827583313
2.425096940994263
2.250014442205429
2.094420111179352
2.2810711145401
2.474014472961426
2.3257206797599794
2.3810615658760073
2.250220739841461
2.0079971849918365
2.222678029537201
2.2994428873062134
1.9961931347846984
2.2208569288253783
2.170508790016174
2.4209654688835145
2.249235266447067
2.5111485719680786
2.14663964509964
2.411754882335663
2.469141125679016
2.3974789500236513
2.43483909368515
2.3109922289848326
2.1141404032707216
2.5780948996543884
2.252041083574295
2.291778028011322
2.3342023491859436
2.459868061542511
2.2154330730438234
2.3846048951148986
2.2844717025756838
2.3493003487586974
1.965779921412468
2.2053705036640165
2.3730671405792236
2.393111127614975
2.146970769762993
2.16410231590271
2.3901073575019836
2.386843180656433
2.5356815099716186
2.6792890548706056
1.9931604087352752
2.1883060574531554
2.582576096057892
2.4065749287605285
2.0588734328746794
2.132939839363098
2.4622380256652834
2.321450746059418
2.1951826572418214
2.263508278131485
2.3771318793296814
2.419678521156311
2.382581055164337
2.6566297888755797
2.251900148391724
2.176782673597336
2.373247838020325
2.379015588760376
2.3724116921424865
2.264239287376404
2.371714687347412
2.3424183130264282
2.084942412376404
2.2355472326278685
2.345456433296204
1.9460752367973329
2.4197980523109437
2.250689697265625
2.411614805459976
2.2899898648262025
2.2745824694633483
2.2548315644264223
2.248371386528015
2.156577169895172
2.292347764968872
2.214765691757202
2.305808901786804
2.4391714453697206
2.140646833181381
2.1566792011260985
2.303789162635803
2.2444284439086912
2.566068243980408
2.257046866416931
2.4498943567276
2.2702366054058074
2.21600478887558
2.4161468863487245
2.34238144159317
2.2600516080856323
2.30243661403656
1.7584184110164642
2.1893653750419615
2.1063895344734194
2.221441864967346
2.2760046482086183
2.2228559255599976
2.3100022315979003
2.154814291000366
2.2132781088352202
1.9536428689956664
2.137337553501129
2.334937536716461
2.4010327816009522
1.9956378698349
2.131624960899353
2.3391433238983153
2.3799113512039183
2.1117361724376678
2.2167167335748674
2.1807440876960755
2.220711016654968
1.9616009831428527
2.3043771386146545
2.181206500530243
2.245690882205963
2.1958170413970945
2.2284299492836
2.278432106971741
2.129617166519165
2.1989641815423964
2.1568883121013642
2.285653364658356
2.3229573994874952
2.0756856083869932
2.1515053391456602
2.349071514606476
2.10852233171463
2.207186448574066
2.29742546081543
2.6158230781555174
2.391474187374115
2.2783119797706606
2.525677865743637
1.9698998749256134
2.3546135067939757
2.137477457523346
2.3148316383361816
2.360543417930603
1.9628315210342406
2.2831681847572325
2.451356792449951
1.9796465754508972
2.173555427789688
2.4666085243225098
2.2309669137001036
2.2803606390953064
2.40746214389801
2.300582218170166
2.3344356775283814
2.2765620350837708
2.402106559276581
2.2103946566581727
2.1214112520217894
2.1681621193885805
2.0947793543338777
2.424335265159607
2.077453589439392
2.1740548491477965
2.1770458102226256
1.9316121459007263
2.433808422088623
2.276197576522827
2.236205852031708
1.8639371186494826
2.284992718696594
2.1045592069625854
2.2704214334487913
2.1142223834991456
2.173646569252014
2.6022318959236146
2.194689875841141
2.262670946121216
2.3358078956604005
2.402613639831543
2.2779653906822204
2.3462438941001893
2.4359222054481506
2.2532679200172425
2.4176460027694704
2.226756203174591
2.7883015871047974
2.387309193611145
2.2347468972206115
2.383007752895355
2.3525237917900084
2.2859349608421327
2.291991102695465
2.237870228290558
2.115909016132355
1.8522087037563324
2.2187829434871675
2.1381783843040467
2.207918033003807
2.1068570017814636
2.5004518628120422
2.4272481083869932
2.0828878462314604
1.9693542957305907
2.4440293431282045
1.9615612030029297
2.0867712259292603
2.683036518096924
2.269073611497879
2.1316256403923033
2.11603524684906
1.9700664281845093
2.659171795845032
2.087485980987549
2.2937772989273073
2.581902503967285
2.0384818404912948
2.092544975876808
2.6305155873298647
2.017809134721756
2.2287769496440886
2.3110876441001893
1.9496614336967468
2.4359600067138674
1.9830078125
1.9972316831350327
2.0855008602142333
2.1613570749759674
2.044656503200531
2.0918610990047455
2.2646629095077513
2.172230178117752
2.2517942935228348
2.502959144115448
2.1605354964733126
2.2812816977500914
2.354225051403046
2.228833270072937
2.060050940513611
2.051328632235527
1.9465919733047485
2.232109308242798
2.0994417786598207
2.251996636390686
2.3272642254829408
2.1208466410636904
2.490877425670624
2.1311102867126466
2.275058686733246
2.2423133820295336
1.97283775806427
2.2342890381813048
2.3255061745643615
1.7896633267402648
2.3590282559394837
2.1586759269237517
2.2308053612709045
1.8217641949653625
2.190144753456116
2.441589707136154
2.2103251218795776
2.3056960821151735
2.2662613868713377
2.128571653366089
2.047797238826752
2.282303249835968
2.18416428565979
1.9911827802658082
2.595063257217407
2.053715431690216
2.4006003856658937
2.3978558778762817
2.4966305613517763
2.227979671955109
2.594453740119934
2.0598442792892455
1.8671807169914245
1.8574514746665955
2.3651111245155336
2.475316619873047
2.0320080041885378
1.8616918355226517
2.344856655597687
2.278838098049164
2.3757553458213807
2.440973734855652
2.5371234893798826
2.5368772625923155
2.249232625961304
2.2139442443847654
2.187475597858429
1.7385878384113311
2.0860812783241274
2.1153313279151917
2.175654673576355
2.122282490134239
2.1488235890865326
2.460716950893402
2.527191233634949
2.1548484921455384
2.177004837989807
2.3412977337837217
2.029471093416214
2.0073613941669466
2.157172405719757
1.9908979773521422
2.568978321552277
2.3523034691810607
2.5305797934532164
2.289740204811096
1.7192986726760864
1.9919391006231308
2.212948906421661
2.1898464918136598
1.9690243273973465
1.861418080329895
2.2807343721389772
2.1596400141716003
1.971541029214859
1.9767346024513244
1.9808680057525634
1.7069123685359955
2.368570852279663
2.1168281495571137
2.5348592400550842
1.9525452136993409
2.1643393874168395
1.7684327095746994
1.992728942632675
1.8626036047935486
2.1128890216350555
2.6605266094207765
2.529039812088013
2.0999387383460997
2.206186759471893
2.2167857497930528
2.4296552658081056
1.8316158145666122
1.9046343505382537
2.2749686360359194
2.4769561171531675
1.966845515370369
2.2227830052375794
2.425928735733032
2.290384089946747
2.066128796339035
2.1966156125068665
2.130269181728363
1.8770897388458252
2.4003785073757173
2.6391741156578066
2.2441128969192503
1.905486163496971
2.024614703655243
1.9261743545532226
2.0158712029457093
2.102913337945938
2.104360377788544
2.0478875160217287
2.1966431379318236
2.4323326587677
2.328838750720024
2.327937865257263
2.482605242729187
1.5639249503612518
1.955090618133545
2.2625139772892
2.5306792140007017
1.809177315235138
2.4312278151512148
2.2681783080101012
1.9023431420326233
2.0687809765338896
2.150543150305748
1.940964338183403
2.1452104091644286
1.9936052024364472
2.200725781917572
1.9830000460147859
2.0288161873817443
1.4990122139453887
1.999787014722824
2.1111285209655763
2.095386564731598
2.095034599304199
2.3323958277702332
2.0729544878005983
1.8656390309333801
2.457778525352478
1.6400917708873748
1.7413617968559265
1.9862917602062224
2.2561197757720945
1.9273399114608765
2.269161269068718
1.6813716411590576
1.994565749168396
2.090241992473602
2.07280747294426
1.866201964020729
2.151518338918686
1.853662270307541
1.8843389093875884
1.9877868950366975
2.133277118206024
1.9680928587913513
1.8896718069911003
2.2500417590141297
1.970280933380127
1.733686089515686
2.077362072467804
1.6750035852193832
1.7484403192996978
2.1186413571238516
1.7841086000204087
1.6766620934009553
2.3124672412872314
1.8754976391792297
2.049392294883728
2.315839684009552
2.050646758079529
1.9918450474739076
1.6704756528139115
1.9281086385250092
1.7996125549077988
1.8832722663879395
2.014599394798279
2.0679327726364134
1.9719870269298554
2.0077794015407564
1.6910313203930856
2.2190268635749817
1.8201464533805847
1.9881975293159484
1.8549777507781982
2.00972398519516
2.295288622379303
2.203445535898209
2.070505475997925
1.9145806074142455
1.6719354033470153
2.0088670760393144
2.0677605152130125
1.6989316582679748
2.0477810859680177
2.039102053642273
2.16524600982666
2.096372663974762
1.5850280478596688
2.3303528428077698
2.174778199195862
2.2026895880699158
2.202897369861603
2.0981917142868043
2.512428104877472
2.174391174316406
2.0124317198991775
1.7739304721355438
2.1263691544532777
2.430652451515198
1.7444843351840973
2.3032146647572516
1.8412581443786622
2.082228922843933
1.8803817510604859
2.2030226588249207
2.2314507603645324
2.073906993865967
2.124888776242733
2.297152745723724
2.0421597242355345
1.8577316612005235
2.055161249637604
1.677837261557579
1.8454736948013306
2.0041815757751467
1.853571355342865
2.446413207054138
2.044468545913696
2.3531521379947664
1.984968912601471
1.661831983923912
1.6594014525413514
1.6807422995567323
2.109958016872406
2.321163761615753
2.2716862082481386
1.742417299747467
2.106853926181793
1.7602400362491608
2.0070581078529357
2.0160433053970337
1.9634611368179322
1.9621530830860139
1.5157637357711793
1.695769226551056
2.0350552558898927
2.08034947514534
2.4703222274780274
2.167895409464836
2.06027966439724
2.126717007160187
1.8629290580749511
2.1372270226478576
2.3365867733955383
1.864334774017334
1.6983556270599365
2.2295003652572634
2.148049509525299
1.8499719575047493
2.027881681919098
1.936397385597229
1.8934874922037124
1.4016219705343247
1.9554314136505127
1.7805828645825386
1.7719190537929534
1.802075982093811
2.038912034034729
2.3755823493003847
1.9413674265146255
1.939272165298462
2.4318720996379852
2.240881550312042
1.9611761331558228
2.128460240364075
2.2076139211654664
2.3864185184240343
2.1704609513282778
1.8570801854133605
1.7314096808433532
2.280808961391449
2.045197431743145
1.93092120885849
2.0221117973327636
1.5665402680635452
1.9689424932003021
2.2961855858564375
1.9244999051094056
2.303416132926941
2.5282049894332888
2.1636654853820803
1.8349841326475143
1.8050676822662353
2.066911780834198
1.6589429259300232
1.8747366040945053
1.9768199563026427
2.158948984742165
1.863650119304657
2.165298247337341
2.0510585427284242
2.0310334086418154
2.035181701183319
2.3084489583969114
2.0688838362693787
2.3025357484817506
1.392155909538269
2.076498717069626
1.8424270391464233
1.829999452829361
2.1220698833465574
2.1897057414054872
1.5920995831489564
1.7174299702048301
2.2794609308242797
1.993283686041832
2.518156236410141
2.308646631240845
1.9835673809051513
2.2529593467712403
2.5148131966590883
1.8528470933437347
2.2019333481788634
2.179932105541229
1.5622037768363952
1.8357503354549407
2.137768530845642
2.278328597545624
1.5639690637588501
1.8212909817695617
2.057498389482498
2.1559269607067106
1.8103783845901489
2.3439033359289168
1.7965442657470703
2.1520300775766374
1.8024600148200989
1.9340822577476502
2.477498471736908
1.9582403302192688
2.168078970909119
1.7938928723335266
1.8798972189426422
2.5988451480865478
1.6533234640955925
2.110468661785126
1.7906584680080413
1.8929536402225495
1.5801915884017945
2.187892642617226
1.8712785363197326
2.0140947580337523
2.3334832787513733
1.7681210845708848
2.465592646598816
1.9794527977705
1.9573563188314438
2.60920729637146
2.044048321247101
1.7128578662872314
2.2852068141102793
2.362634015083313
2.1452789843082427
1.8144014209508896
1.8703505456447602
2.0488811135292053
2.184522569179535
1.888286566734314
2.3254626035690307
1.6830783486366272
2.200378382205963
2.1638716340065
1.676511973142624
1.865127682685852
1.9548700213432313
2.1184071719646456
2.7941388845443726
2.0162675261497496
1.889470174908638
2.1498280644416807
1.720066910982132
1.779495656490326
2.3823596954345705
2.590014618635178
2.0204837679862977
2.185941255092621
2.406699079275131
1.8962716072797776
1.9490883693099021
1.6157996296882629
1.6126216888427733
1.5148162543773651
1.9444407165050506
1.7359997510910035
1.9263692617416381
1.581104564666748
1.7932800471782684
2.196801221370697
1.7436439633369445
2.2650590896606446
2.195818269252777
2.080684685707092
2.0221309155225753
2.079479318857193
1.8002101182937622
1.7866840958595276
2.879033958911896
1.7827726900577545
2.2384601712226866
2.0708167433738707
1.9181874603033067
1.75444415807724
2.0678750693798067
1.7360801935195922
2.1138640701770783
2.239348661899567
1.6494334101676942
2.2015510320663454
2.044110059738159
1.877363032102585
1.8039343133568764
2.2455938696861266
2.110330730676651
2.2340281128883364
1.7951268315315247
1.8311461448669433
2.1856874108314512
2.0460747957229612
2.0413016080856323
1.6432486414909362
1.78297900557518
1.6087379932403565
1.7064582407474518
1.7242405712604523
1.946845018863678
1.6533880174160003
1.6200825333595277
1.6170724213123322
1.9564726442098617
2.000374400615692
2.056073272228241
2.277615934610367
1.907845714688301
2.091764450073242
2.432364082336426
1.749229794740677
1.9288034439086914
1.5198099672794343
1.8359988451004028
2.3260788917541504
2.1149869084358217
2.520340609550476
2.4353157699108126
2.3310266733169556
1.803369688987732
2.111559289693832
2.173887014389038
2.2361429214477537
1.8497202277183533
1.8369909524917603
1.7032748341560364
1.9572072744369506
2.0189744591712953
1.5975863635540009
1.800244963169098
1.8206127405166626
1.9491951942443848
2.066587710380554
1.8525430381298065
2.1270848512649536
1.6586991488933562
1.8823402881622315
1.5510942578315734
1.7830670356750489
2.0221739649772643
1.7690918505191804
1.923184299468994
2.3921603947877883
2.63739298582077
2.148394984006882
2.382919412851334
2.259741711616516
1.7935958743095397
1.9897862553596497
2.0955209493637086
1.8793894231319428
1.8836802065372467
2.7897751092910767
1.9324740648269654
2.2002870082855224
2.248615860939026
2.0241302967071535
1.8454152941703796
2.218607759475708
2.1136746168136598
1.8405472487211227
1.935682687163353
2.0454249650239946
1.7446717619895935
1.9308589696884155
2.668026351928711
2.1304067015647887
1.5936937004327774
1.9245761275291442
2.099874833226204
2.3042287707328795
1.816253900527954
2.184264767169952
1.6979769557714461
2.031807780265808
2.3859192609786986
1.638139283657074
1.5796091437339783
1.7630099177360534
2.294618898630142
1.625541341304779
2.106691429018974
2.065719473361969
2.0267889380455015
2.1342527866363525
1.6360952079296112
1.9545360028743743
1.8951859176158905
2.519297420978546
1.8133212625980377
2.388266783952713
1.957933259010315
2.0749514043331145
1.5635083973407746
2.155241620540619
2.0884180307388305
2.379891300201416
1.9549206256866456
1.6447611272335052
1.8085479259490966
2.0330838441848753
1.6338018760085107
2.242728066444397
1.8288866102695465
1.8138170063495636
1.733383935689926
2.060424196720123
2.0146258592605593
1.6642743274569511
2.0650485694408416
2.1983022570610045
1.4970195904374122
1.7343645423650742
1.2889115333557128
1.8597141742706298
1.770768278837204
1.7239569544792175
2.558435525000095
2.4024807065725327
2.0032647013664246
2.852370226383209
1.7098674565553664
1.9756226599216462
1.7472687035799026
1.669786524772644
2.5241621375083922
2.037401258945465
2.419112765789032
2.146436059474945
2.2199029207229612
1.883194273710251
2.198065547645092
2.0117318630218506
1.3047995880246162
1.597749724984169
1.9498389184474945
1.6647047147154808
2.2641364693641663
1.9313445568084717
1.6412313848733902
1.9324714243412018
2.474423885345459
1.164187230169773
1.629047340154648
2.0781127572059632
1.9709867060184478
1.5110425770282745
1.4155520275235176
2.1689385175704956
2.06701038479805
1.5601104319095611
1.6081338047981262
2.0311709463596346
2.066632515192032
1.535260808467865
1.1751818299293517
2.036293209344149
1.672359649837017
1.9707576043903827
1.8584443226456642
1.7687348522245885
2.4599988579750063
2.0897044993937017
2.0902711391448974
2.1872295260429384
2.1341102838516237
1.6763769134879112
2.3466771245002747
1.9873578429222107
1.911197155714035
1.9684789717197417
1.9227489113807679
1.663366448879242
1.625327605009079
2.167398747801781
2.1498417973518373
1.9648402988910676
2.273286724090576
1.9350905656814574
1.5394032180309296
2.1431741416454315
2.4542198300361635
1.8982266783714294
2.018182599544525
2.028873360157013
1.9944626688957214
1.6343443512916564
1.9175141274929046
1.9026442348957062
1.8951060473918915
1.7404351651668548
1.8840860962867736
1.9518713548779487
1.892213273048401
1.7822400435805321
2.251426887512207
1.8588619023561477
1.8339705884456634
2.1687435507774353
1.9808863639831542
1.8043180227279663
1.9753667384386062
1.649146991968155
2.0896882727742194
1.4179477751255036
1.8400277704000474
2.0197884917259215
1.919970828294754
1.762011182308197
1.30304958820343
2.0034598618745805
1.7712197303771973
2.664133131504059
1.4969970107078552
2.132890284061432
1.8909336984157563
1.6807520046830178
1.9863963186740876
1.731992244720459
1.8531300663948058
1.7639677584171296
1.8459154427051545
1.9315396070480346
2.1362625479698183
1.6786139905452728
1.8001323103904725
1.8829680860042572
2.645738220214844
2.1663633584976196
1.736643487215042
2.187926296889782
2.170551335811615
2.053004336357117
1.9898123621940613
1.8895874261856078
1.8711986303329469
1.6708062052726746
2.06151362657547
1.4601859390735625
1.9112216711044312
2.0999547600746156
1.736769872903824
2.0573850572109222
1.7937660694122315
1.8132698774337768
1.907507061958313
2.3289897739887238
2.088951998949051
1.9989690005779266
2.073773717880249
1.985748326778412
1.900099951028824
1.4772649824619293
1.464718683063984
1.5864063397049903
2.0093141183257104
2.207787874341011
1.7041730046272279
1.8727019429206848
1.7272001162171364
2.4325252890586855
1.5840317070484162
1.9960978627204895
2.4075185894966125
2.042362940311432
2.595286327600479
1.9635006368160248
1.612974451482296
1.4633207231760026
1.8414993286132812
2.135633984208107
1.5315125659108162
1.8440409436821938
2.113294193148613
2.011960908770561
2.0628717660903932
1.9863302171230317
2.2404982328414915
1.755426374077797
2.158026361465454
2.143717014789581
1.7838743805885315
2.154611790180206
1.3869702249765397
2.344866228103638
2.197970676422119
2.223251152038574
2.2263903856277465
2.422608232498169
2.0736859679222106
2.3855835795402527
1.814399492740631
1.7874504148960113
2.5496888518333436
1.9913034319877625
2.272703397274017
2.1115586876869203
1.7883612871170045
1.9860634803771973
1.8879560112953186
2.0801674127578735
1.8603092789649964
2.4303981959819794
2.076400417089462
1.2823683202266694
1.8279237568378448
1.7502835512161254
1.7706652283668518
2.015688443183899
1.605047234892845
1.2578043639659882
2.0004252925515176
1.523886466026306
2.1941820472478866
1.7160428524017335
1.5648719906806945
2.1314377009868624
1.9757832169532776
1.7782899588346481
2.054651129245758
2.0578795850276945
2.212315320968628
2.210371708869934
1.8891432881355286
1.8225607335567475
1.6234630405902863
2.104591590166092
1.9982400238513947
1.7957095444202422
1.5911445885896682
2.4981954216957094
1.6342979073524475
1.7591536521911622
1.7818163484334946
2.0668705105781555
1.65200737118721
1.439238677918911
2.2035115361213684
1.2940744459629059
2.1062007755041123
1.3923750400543213
1.9907195329666139
1.8936322271823882
1.663700433075428
1.9245674297213555
2.0011454582214356
1.8518773287534713
2.081516498327255
1.4490772843360902
1.8580931097269058
2.1862278044223786
2.3518147468566895
2.0896973073482514
2.29258474111557
1.650226455926895
1.6218252509832383
1.7860573291778565
1.986135470867157
1.8914946496486664
2.050265538692474
1.920536506175995
1.8652151942253112
1.5475656896829606
2.0241449594497682
1.700796627998352
1.6922931641340255
2.230670303106308
1.9933863908052445
2.2012039363384246
1.929895344376564
2.041364336013794
2.200593176484108
1.2391752690076827
2.012981414794922
1.7952415287494659
1.833414191007614
2.1618240237236024
2.152982485294342
1.747343373298645
2.9785436153411866
1.5476246014237405
1.723596704006195
1.9659228563308715
2.157718467712402
1.688857413828373
1.4734593868255614
2.1525097608566286
1.7311912834644319
1.6610727578401565
1.67561182230711
1.5462664663791656
1.8452080994844438
1.6070860780775547
2.0697589427232743
1.6853720992803574
1.5054711915552617
1.9376789294183254
1.6718462884426117
1.7181849718093871
2.226640999317169
2.1379484832286835
2.057186299562454
1.722920298576355
1.6936894163489342
1.8244850128889083
2.272304904460907
1.769225186109543
2.104056012630463
2.3072320878505708
1.731589537858963
2.136499857902527
2.160989025235176
1.644242462515831
2.0364245891571047
2.102497673034668
1.9096334815025329
1.9191110610961915
1.7936270594596864
1.6741963848471642
2.2446114391088487
1.9209097504615784
1.6658191055059433
2.0834872007369993
2.203055828809738
1.72096785902977
2.40157065987587
2.144797992706299
2.079699718952179
1.6058779120445252
1.5276121735572814
1.8775173723697662
1.5868050277233123
2.5011747241020204
2.1141693115234377
1.547281175851822
1.99221513569355
1.730696326494217
2.0050404340028765
2.356170630455017
2.377650558948517
1.9774934887886046
1.6652810968458653
1.3475109159946441
2.172498142719269
1.6130998611450196
1.9223677456378936
1.9758071899414062
1.5964273869991303
1.9040516555309295
1.939151781797409
2.3263527512550355
1.7805099487304688
1.8286630511283875
1.7586062550544739
2.2105170130729674
2.0834282875061034
1.6268948920071125
1.8466672629117966
1.570881974697113
1.8528279721736909
1.4414535105228423
1.4383338332176208
1.8240905433893204
1.8493152648210525
1.7995566189289094
2.330832874774933
1.9122260123491288
1.5027515709400177
2.434858667850494
1.6761689126491546
2.054688188433647
2.175888416171074
1.8743872046470642
1.653839185833931
1.36416797041893
1.4927581965923309
2.1032920658588408
2.1385196089744567
2.0681860744953156
2.099426417052746
2.0088296115398405
1.4950969636440277
2.167265109717846
2.0064026743173597
1.4629910469055176
1.9856590747833252
1.3263034343719482
1.1791516631841659
2.1768258929252626
1.8105335354804992
1.5362739741802216
1.5701500952243805
2.096350383758545
1.911701148748398
1.2420350372791291
2.3333280444145204
1.52142992913723
2.334948943555355
2.341990315914154
1.4043124705553054
2.2974603474140167
2.485837158560753
1.583287811279297
1.6423505574464798
1.5316614530980588
1.9755452394485473
2.274773824214935
1.837175440788269
1.7775700032711028
1.8358828663825988
1.9767222285270691
2.83334596157074
1.8985096335411071
1.9412818193435668
1.9521519422531128
1.7977431826293468
2.09751615524292
1.8637951612472534
1.8100656531751156
1.4002441316843033
1.4036176025867462
2.3603554248809813
1.7706642538309096
1.7481119513511658
2.1895700335502624
1.8906318187713622
2.114242875576019
1.8177813291549683
1.732502043247223
1.3414647094905376
2.5365518450737
1.904999253153801
1.596019694954157
2.201523572206497
1.7076161801815033
1.225776021182537
1.570993757247925
1.7900340765714646
2.0552294731140135
1.7386991113424302
1.8394223928451539
1.3250657513737678
1.9931880235671997
2.119439870119095
2.204456388950348
2.8181673288345337
2.161665277183056
2.0498546600341796
1.411834678053856
1.7801065385341643
1.9739179521799088
1.692818920314312
1.5918093740940094
2.1912759840488434
1.4058570086956024
1.7759206771850586
2.227738857269287
1.051529959589243
2.0798052713274955
1.7837646514177323
1.7937735438346862
1.9753609418869018
1.6170514941215515
2.4351608395576476
2.1690714925527574
1.512248706817627
1.6002999782562255
1.6161014705896377
1.9500935420393943
1.5269664168357848
1.388577763736248
1.4068497478961945
2.479198783636093
2.103854179382324
2.2512887924909593
2.324449133872986
1.825248196721077
2.0963839292526245
2.2700707793235777
1.8324135184288024
2.2484902262687685
1.8770648062229156
1.483599917590618
1.9388805478811264
2.583231031894684
2.4398512125015257
1.7029412388801575
1.981994128227234
1.5756306648254395
2.1251094430685042
2.2973295032978056
2.153974848985672
0.9142526455223561
1.580086787045002
1.7571890324354171
1.4501648873090744
2.4312056213617326
1.8375980019569398
1.7651303172111512
1.428019779920578
1.914341789484024
1.5923091530799867
2.4996868669986725
1.459639112278819
2.0116081550717353
2.091246247291565
1.7632312774658203
1.7032481253147125
1.8201708361506461
2.111935147643089
2.161780500411987
1.6520077854394912
1.905085986852646
2.428962242603302
1.6072260417044162
1.5745488941669463
2.153138017654419
1.7453538209199906
1.6592885315418244
2.1428039491176607
1.5119875490665435
1.7683623611927033
1.7863542944192887
2.0790628671646116
2.0496224045753477
1.7487831652164458
2.296573293209076
1.19780547991395
1.97965327501297
2.1896751642227175
1.3293720960617066
2.275811564922333
2.360096961259842
1.5422158777713775
1.3473891392350197
1.530508279800415
1.8979781329631806
1.5897246956825257
1.2885722666978836
1.7207520194351673
1.5496674180030823
2.264391553401947
2.0197829008102417
1.4133312076330184
1.6486345529556274
1.431931783258915
2.4116948574781416
2.1889476507902144
2.384419485926628
1.5351263403892517
1.9470835208892823
1.8600339233875274
1.6855075031518936
1.806519877910614
1.9439727157354354
1.9370425164699554
1.9929818153381347
2.5349068522453306
2.127188724279404
2.003395843505859
1.0919030945748092
1.7690643459558486
1.4452246889472007
1.9025982826948167
1.4913482517004013
1.7160179972648621
1.812862265110016
1.9824614524841309
1.7309688568115233
1.770354437828064
1.974475821852684
1.7549415692687034
2.1115127563476563
1.3030398190021515
2.16246817111969
2.518234723806381
2.1175649881362917
2.136738532781601
1.5382179588079452
1.8266248725354672
1.5736489087343215
1.841050034761429
1.8937072247266769
1.6103865116834641
1.9093181580305099
1.9450440585613251
1.810528627038002
1.7958518758416175
2.2752227246761323
2.121104210615158
1.8650038152933122
1.984115767478943
1.6657680079340935
1.5857349753379821
1.6839762389659882
2.2211120247840883
1.9445273756980896
2.0461756557226183
1.9691820740699768
2.060902547836304
1.5138424456119537
1.8390128433704376
1.3238466292619706
1.6883595287799835
1.7444596707820892
1.2529775500297546
2.040770959854126
1.9404100596904754
1.6365845263004304
1.9199876695871354
1.9635328292846679
2.0857813954353333
2.247191345691681
1.2949182003736497
1.8253178119659423
1.8200839102268218
2.3578914284706114
1.9565782964229583
1.9709392547607423
1.8186078429222108
1.4551603853702546
2.367802435159683
1.7489957422018052
2.263346953690052
1.7951441526412963
1.746335855126381
1.6640763342380525
2.2450970619916917
2.643161642551422
1.3743557244539262
1.4811560302972793
2.652908730506897
1.980042541027069
2.502216625213623
2.057634651660919
1.9962951064109802
1.4675446420907974
1.6314104318618774
2.2473150074481962
1.8494829803705215
1.6949266195297241
1.531076854467392
2.1465510219335555
1.8302860498428344
1.7377175569534302
2.336749279499054
1.8870437815785408
2.017699682712555
2.04887797832489
1.7579018771648407
1.7351517140865327
2.6422971963882445
1.840085580945015
2.0754093289375306
1.5850654661655426
1.9299708008766174
2.0147499084472655
2.0943818271160124
1.815568608045578
1.9605805963277816
1.4500847816467286
1.7692983269691467
1.7192793309688568
1.7121863290667534
2.0511741280555724
1.8812502682209016
1.7627003341913223
2.1397842347621916
1.9430229097604752
1.9687642276287078
1.5723592281341552
2.3459890238940715
1.9756611585617065
1.8550829648971559
1.8022099614143372
1.6952673196792603
2.223103070259094
2.069626975059509
1.3264695093035699
1.7612909495830535
1.936740905046463
1.7462235331535338
1.453359803557396
1.784735454618931
1.7035903096199037
1.9357299491763116
1.987999439239502
1.734164184331894
1.975332224369049
2.221545660495758
1.8951385259628295
2.0647207379341124
2.1677715361118315
1.7663992762565612
1.4956244707107544
1.5407492533326148
1.6556139022111893
2.3301166355609895
2.262765556573868
2.020760011672974
2.424052917957306
1.7982559323310852
1.5754259407520295
1.1835651203989983
1.076914094388485
2.176185575127602
1.8898184537887572
1.2657177299261093
1.9975315809249878
1.2183586180210113
1.937090265750885
1.972366750240326
1.5545182257890702
1.901248151063919
1.516421127319336
2.3255656957626343
2.393942892551422
2.059383726119995
2.000576013326645
1.6957589909434319
2.1505934715271
1.4545786656439303
2.1247464060783385
1.9929628372192383
1.7438101887702941
2.221946585178375
1.9513069212436676
1.6517724886536598
1.9747152596712112
1.7926295518875122
1.613041028380394
1.6510215938091277
1.2865393102169036
1.7697476908564567
1.9969236642122268
1.8712453186511993
1.8470884799957275
1.8785816490650178
2.06441253721714
1.4464628845453262
1.8845302939414978
1.9619613766670227
1.9881201446056367
2.0489966064691543
2.6114789128303526
1.779959499835968
2.2492407470941544
1.9486978560686112
1.7930621769279242
1.6982957184314729
1.7964855194091798
1.6139553844928742
1.8137288391590118
2.183453643321991
1.3917488753795624
1.9628363877534867
1.5308955371379853
1.8611670136451721
1.8835769832134246
1.8164052844047547
1.7162155747413634
1.7583890974521637
1.5290733754634858
1.6044980883598328
1.4742869034409523
2.1035299003124237
1.819505789875984
1.87054403424263
1.356773692369461
1.9734899640083312
1.6995217859745027
2.004453867673874
2.35140198469162
2.1676108121871946
2.512525403499603
1.7998256385326385
1.9532230198383331
2.1316834464669228
1.548786500096321
1.8584751889109612
1.6224560379981994
1.9236910402774812
1.9578842878341676
1.8607283651828765
1.388749822974205
1.7217486202716827
1.400570809841156
1.6248825401067735
2.000433361530304
1.9991833209991454
1.9300988554954528
1.8110090255737306
1.8006695553660392
1.8363178730010987
2.3697280123829843
2.184589922428131
2.543878009915352
2.274216687679291
1.46757949963212
1.7226358979940415
1.4720795929431916
1.609581470489502
1.7148367285728454
2.6422138690948485
2.276131671667099
2.165820610523224
1.7573688924312592
1.9306469947099685
1.9109180778265
2.7700799345970153
1.4677864745259286
2.059793394804001
1.4712493687868118
1.8070892333984374
2.2042849525809287
1.4736687302589417
1.6677104234695435
2.3211361289024355
1.9248164355754853
1.935378098487854
1.7768086075782776
1.6766775250434875
1.6450516045093537
1.4194236427545548
2.3649493217468263
1.8179787069559097
1.9530964553356172
1.4597692906856536
1.4073475509881974
1.5338314175605774
1.3011540234088899
1.8788777902722358
1.837886968255043
1.6277724757790566
1.564630824327469
1.9398915648460389
1.3591494590044022
2.235302984714508
1.7404414772987367
1.9371313482522965
2.307880540937185
2.1527624264359475
2.009369993209839
1.71678124666214
1.6370011925697328
2.0127181462943553
1.7335484325885773
1.7677264600992202
1.9569974467158318
1.718093466758728
1.5284393161535264
2.231913447380066
1.9236726969480515
2.560172751545906
2.23308407664299
1.9345431923866272
1.2458433717489243
2.051257091760635
1.2182423815131187
2.1637584805488586
1.8381170094013215
1.3417193174362183
1.6676402002573014
1.7394062250852584
1.6793615698814393
1.9047547280788422
1.3113095223903657
1.7141821801662445
1.943712118268013
1.3670494973659515
1.5716415643692017
2.1229775309562684
1.899081140756607
1.6968829065561295
1.5328453540802003
1.7208903431892395
1.3493840217590332
2.518116128444672
2.299216887354851
2.3879159927368163
1.7645050972700118
2.201213780045509
1.8325772702693939
1.7373811408877373
2.1698994874954223
1.8802681505680083
1.663003173470497
2.0235751032829286
1.4316984593868256
1.9040766775608062
1.8363971829414367
2.2210688471794127
2.5355901598930357
1.3446215480566024
1.7935201406478882
1.4999328970909118
1.503799195587635
1.2179374366998672
1.852746343612671
1.830217643082142
1.8236482739448547
1.402984331548214
2.832273042201996
1.7852801620960235
1.6429430171847343
1.4561430215835571
1.6250339150428772
1.7778917253017426
1.967641532421112
1.6703920871019364
1.9158212006092072
1.588212788105011
1.3848499178886413
1.430594375729561
1.9514221400022507
1.4504026293754577
1.9724432513117791
1.7553796648979187
1.25057043582201
1.7153596371412276
1.6307397954165936
1.9464029729366303
1.7156984448432921
1.9581455260515213
1.3102422833442688
1.3183332405984403
1.868766576051712
1.8705790497362613
1.9300691068172455
1.5653440646827221
1.6230624541640282
1.7026714831590652
1.5854832708835602
1.8149855971336364
1.4091290980577469
1.9641538247466088
1.9380739957094193
1.831990694999695
1.5530701607465744
1.8356643974781037
1.878419315814972
2.0605317831039427
2.3066430777311324
1.9552354335784912
1.7145156316459178
1.7938549876213075
2.0933483839035034
1.740154780447483
2.1862832576036455
2.2384754598140715
1.821276769042015
1.7117153890430927
1.34476547986269
1.9561532407999038
2.4785247787833216
2.123497170209885
1.7851837262511254
1.7255617797374725
1.6116184055805207
2.12070614695549
2.0553144752979278
1.6613923609256744
1.803196084499359
1.8472585797309875
2.1303267955780028
2.686622643470764
1.7918044298887252
1.816898512840271
2.0533603549003603
2.264419138431549
1.3727266579866408
1.2498591601848603
1.4573423929512501
2.4339173555374147
1.6673102468252181
1.8791523545980453
1.519314056634903
1.5940893471240998
1.4615341171622276
1.796788650751114
1.9847213685512544
1.6302644550800323
1.4248803675174713
1.6865978240966797
1.6633193075656891
1.6801744997501373
1.4482725441455842
1.8607802927494048
1.7980570375919342
2.7474815368652346
2.018982803821564
1.7233186095952988
1.6086243689060211
2.1110111236572267
2.0885465323925017
2.2004712879657746
1.7393548965454102
1.7463145494461059
1.681543892621994
1.685271468758583
1.9095997571945191
2.047472730278969
2.2487812638282776
2.4469212532043456
1.3927488580346108
1.5210625171661376
1.7004648119211196
2.11475750207901
1.8724568009376525
0.9950001001358032
2.031254470348358
1.568321344256401
1.3961804121732713
2.2858073145151137
1.5296446979045868
2.384189820289612
1.65815269947052
2.165155804157257
1.8567248940467835
1.6624537497758864
1.799390196800232
1.5235363304615022
1.3454478338360787
1.4789531871676445
1.7255722522735595
2.1677065253257752
1.775572730600834
2.4297323286533357
1.6851225256919862
2.0956071585416796
1.8333693861961364
1.9518215216696262
1.6504175066947937
1.7706728339195252
1.0068867459893227
1.9050913900136948
1.775955331325531
1.5852488845586776
2.224623829126358
1.7111743420362473
1.720234751701355
1.8413525238633155
1.3273634165525436
2.253036691248417
1.646503135561943
1.8361184060573579
1.5705909967422484
1.7257185339927674
1.8868277192115783
1.7058016002178191
2.387153697013855
1.597202181816101
1.2694954037666322
1.622035551071167
2.1341289401054384
1.678192377090454
1.6935195207595826
2.174938156455755
2.008199802041054
1.4395042911171914
1.7142308533191681
1.5591705173254014
1.2572518765926362
2.614939248561859
1.7635349810123444
2.2551589012145996
2.0869992434978486
2.048406881093979
1.747920599579811
2.2493434607982636
1.7176186800003053
1.9348989501595497
1.819135108590126
1.7983661711215972
1.5191125392913818
1.4502977222204207
1.9032805889844895
1.7032190084457397
2.202161413431168
2.5515934586524964
1.5632693737745285
1.8510325074195861
1.313552576303482
1.9881312131881714
1.6056663930416106
2.1248327761888506
2.1639047384262087
1.7230100214481354
1.7190201163291932
1.4594267636537552
1.7784967832267284
1.811394064128399
1.8867807060480117
2.171693515777588
1.6432229936122895
1.4877071589231492
1.8801070980727672
1.6960884392261506
2.2131738513708115
1.3781922429800033
2.1869509264826776
2.1225558072328568
1.316473063826561
1.8269071578979492
1.7416384927928448
1.203830635547638
2.3466244876384734
1.371881365031004
2.1027351021766663
1.501997311413288
2.0070942461490633
1.893766501545906
1.5241474866867066
1.647484838962555
1.6112893879413606
2.201255702972412
2.2129202127456664
1.2757303282618522
1.4490035474300385
2.4359267473220827
1.6039634317159652
1.8117710679769516
1.4826645895838737
1.4919434189796448
2.218057644367218
1.733849334716797
2.0409718692302703
2.2055570781230927
1.6449463233351707
2.0268568277359007
1.6264169931411743
1.8010535538196564
2.269743466377258
2.253845065832138
1.4446953281760215
1.7782165110111237
1.233833095431328
1.8429695792496203
1.8997301548719405
2.342214357852936
2.3724855214357374
1.5307429775595665
1.8115487396717072
1.599234700202942
1.1954425781965257
1.4858312368392945
1.5939727157354355
1.5467239201068879
1.3812167316675186
1.4767640255391599
1.8041342616081237
1.9358459517359734
1.2962988674640656
2.607257902622223
1.8177538841962815
1.8091603457927703
1.4622129559516908
2.5096284985542296
2.0210128843784334
1.57264042198658
1.4965165853500366
1.6534880638122558
1.5935340225696564
1.4658270597457885
2.1504011750221252
1.2800781369209289
1.857828602194786
1.670211637020111
1.3499721363186836
1.7458752781152724
1.1351050697267056
1.9701124608516694
1.794640016555786
1.3838845670223237
1.1225165098905563
1.5590070009231567
2.2895468711853026
1.5386946737766265
1.7746746689081192
1.6540983378887177
2.423520731925964
1.7270783871412276
1.228583225607872
1.763766783475876
1.6883459508419036
1.6466798812150956
1.264089298248291
2.3866486310958863
1.1968276076018811
1.9938181638717651
2.2537907391786574
2.2792195677757263
1.6295441180467605
2.2482101559638976
1.3350527971982955
1.7161002278327941
1.9368462547659875
1.4241061806678772
1.2274765431880952
1.5684159994125366
1.4407016068696976
1.703422623872757
2.091150200366974
2.258434882760048
1.2318390600383282
1.9172108501195908
1.7570425033569337
1.7073885142803191
1.507211634516716
1.488745465129614
1.7417883425951004
1.6813661694526671
1.5523532941937446
1.6915402829647064
1.7485797166824342
1.8042554974555969
1.625587236136198
1.66340891122818
1.8383358538150787
1.6720171451568604
1.9221727013587953
1.9599774837493897
2.3595478415489195
2.2844420999288557
1.4807525634765626
2.5549805402755736
1.9472155630588532
1.7955982238054276
1.3080347657203675
1.4172928139567376
2.1982559084892275
2.346684902906418
1.886742514371872
2.2534097224473952
1.9191280424594879
1.5269179195165634
1.882322035729885
1.7949758052825928
1.4051311567425728
2.488053631782532
1.456914383172989
1.4172450393438338
1.4014497105032206
1.4419325798749925
1.2094770073890686
1.1136231228709221
1.7338912710547447
1.8068544149398804
1.597419375181198
1.5504709959030152
1.8668644785881043
1.3106579691171647
2.241298407316208
1.7754047572612763
1.0971889421343803
1.6753937602043152
2.107777847349644
1.6805690020322799
1.4802620619535447
2.3326036989688874
1.520524660497904
1.897812259197235
2.5184241026639937
1.8028048992156982
2.2332831382751466
1.7854820311069488
1.493151806294918
1.9776471316814423
1.3183033786714078
1.9019707143306732
1.399572204053402
1.5075455531477928
2.065318965911865
1.6123960807919502
2.0032995700836183
1.7467799246311189
2.747424703836441
1.9222257606685162
1.6112101882696153
1.7274639070034028
1.680034263432026
2.0806293964385985
1.9188848942518235
2.457300528883934
1.7520663559436798
2.540939176082611
1.542261742055416
2.148825240135193
1.7210125043988227
1.8525206804275514
1.519990822672844
1.4829216465353965
1.720096969604492
1.6551733329892158
1.5947117507457733
1.5320168018341065
1.828153120726347
1.7738328218460082
2.1466108679771425
1.408739936351776
1.5268571078777313
1.747567468881607
1.9019646793603897
1.3311901101842523
1.5644958212971687
1.4348576717078685
1.8782089591026305
1.4081586942076683
1.715794175863266
2.249419867992401
2.083022153377533
1.9079297417774796
1.1456637054681778
1.453480313718319
1.8275668740272522
1.891679933667183
1.5412832170724868
1.722030359506607
1.5054890006780624
2.3025245487689974
2.0565045952796934
1.8233404099941253
1.614483118057251
2.2830450400710105
1.634476551413536
1.636416745185852
1.4050652444362641
1.7818947911262513
1.7149203449487687
1.3221117660403252
1.7354306280612946
1.2218260426074266
1.965996476262808
1.5174658238887786
1.661733055114746
1.9024545013904572
1.3515940725803375
1.9849073052406312
2.5445041179656984
1.9951144844293593
2.0451151758432387
1.7456334084272385
1.491601473093033
2.287751941382885
1.786847749352455
2.216427505016327
2.0942850589752195
1.7296137101948261
2.2059212565422057
1.5324226528406144
1.3462563663721085
1.8770074665546417
2.3669042211025952
2.4237717032432555
2.1192992478609085
1.9780212759971618
1.9968407034873963
1.5551527485251426
1.3116695135831833
2.4648405969142915
1.786192361265421
1.91613854393363
1.5815261021256446
1.7330488547682763
1.9654298096895217
1.626737505197525
2.2280674457550047
1.6810412883758545
1.0872851490974427
2.4813268780708313
1.4325097545981407
2.0276322185993196
2.2060590982437134
2.169071890413761
1.57150901556015
0.8974383875727654
1.7021448537707329
1.8136236846446991
1.6471595883369445
1.139851275086403
1.635328295826912
1.0290646374225616
1.0347862895578146
1.998999971151352
2.13713498711586
1.8172742569819094
1.4445875726640225
1.7176187843084336
1.297448880970478
1.4898886248469352
1.6856541395187379
1.1722884699702263
1.8184202075004579
1.7777652144432068
2.1307494223117827
1.3991951003670693
1.6486419647932054
1.664116045832634
1.8482523500919341
1.7640402913093567
1.2282537415623664
1.5683223098516463
1.1544149085879325
1.1137737024575471
1.6033436715602876
1.7113553643226624
1.2033400788903237
2.0992568135261536
2.355830442905426
1.3759879350662232
2.0377295136451723
1.6222984716296196
1.5159296959638595
1.0977957010269166
1.2459248349070549
1.5175332769751548
1.378616577014327
2.0102168917655945
1.9702127061784267
1.5965893477201463
1.4365549743175507
1.7721806973218919
1.8109931878745555
1.6758624926209449
1.85157660394907
1.6946766056120395
2.052792543172836
1.874305635690689
1.5735475897789002
2.2410234421491624
1.5416513532400131
2.0456079844385386
1.357618899643421
1.2597323179244995
1.954682034254074
1.0140284776687623
1.6919391304254532
1.3979294538497924
1.660952639579773
1.7300180971622467
1.6583122432231903
1.4729388125240803
1.4862181782722472
2.022416514158249
1.6443303614854812
1.8352874010801314
1.4262304037809372
1.6657242193818091
1.9180525481700896
1.44541534781456
1.5898125529289246
1.7003880083560943
1.270638608932495
1.7713299602270127
1.4524247616529464
1.8767981365323068
1.8869121864438057
1.2991126865148543
2.0524636447429656
1.2792385876178742
1.42669545635581
2.1520483613014223
1.730191272497177
1.7157144963741302
2.395152272284031
1.176269668340683
1.4282798692584038
2.5100142776966097
1.857990711927414
1.5641517966985703
1.9136552810668945
1.918811136484146
2.145608741044998
1.4503485895693302
1.3982138872146606
1.1573514938354492
1.8947909414768218
1.600147658586502
1.9505842860788107
2.2913960933685305
1.7635055184364319
1.6999585814774036
1.8054337985813618
1.5545815408229828
1.735525119304657
1.7739154279232026
1.3912800967693328
1.5359574764966966
1.5854664206504823
1.6966699481010437
1.4120872497558594
1.16039405092597
1.6176469206809998
1.420679473876953
1.4076705753803254
1.5438043415546416
1.7219900742173195
1.2588570326566697
1.45401179343462
1.3238645698875189
2.4776482045650483
1.3497781991958617
1.0669434254989028
1.4045317225158214
1.9555285945534706
1.4812543869018555
1.8514537394046784
1.3434237271547318
2.7115794837474825
1.7812028229236603
1.5593624028377235
1.5348860442638397
1.4762827455997467
1.131376875564456
1.1900856718420982
1.7740532398223876
1.9416403114795684
1.4907016724348068
1.2647572994232177
1.3331934712827205
1.1031991124153138
1.0180608123540877
1.9225554674863816
1.478483785688877
1.313623520731926
1.819799506664276
1.4705252036452294
1.612201091647148
2.0474879801273347
1.6982509583234786
1.2778395920991898
2.2835473738610745
1.0659912034869194
1.676378321647644
2.5136070638895034
1.8361168563365937
1.5868548952043056
1.3287349961698056
2.6979745388031007
1.945254772901535
1.8087537124753
1.7128894567489623
1.9763713836669923
1.2685179859399796
1.4482808098196984
1.359056229889393
1.6393254544585942
1.8666045367717743
1.7773020088672637
1.5867693185806275
1.6294584155082703
2.2814982414245604
1.6376255840063094
2.1001216650009153
0.927570003271103
1.6515992105007171
1.2274666517972945
1.9876400828361511
2.0937694400548934
2.11589777469635
2.5545925915241243
1.8209485441446305
2.1376763701438906
1.5600263396278025
1.6223076529800893
1.4340506970882416
1.8590847969055175
1.690431672334671
2.2396083146333696
1.3617221593856812
1.509307834506035
1.9774048082530498
1.44399736225605
1.4964754402637481
1.0473275605589152
1.7713713355362415
1.6450749725103377
1.5127604842185973
1.406223577260971
1.4318634867668152
1.6633685231208801
1.082294788956642
1.4838652789592743
1.9721719801425934
1.6380992472171783
1.2766508400440215
2.2761116072535517
1.8117709845304488
1.326976405084133
1.5361723065376283
1.915731206536293
1.5130188293755054
1.5350356496870519
1.3580197907984257
1.5966955244541168
1.2206397563219071
2.3479518353939057
1.6395991802215577
1.2752120047807693
1.9788588464260102
1.6035066783428191
1.6914338231086732
1.9501077592372895
1.6770235151052475
1.5534090161323548
1.9309789463877678
2.1412545800209046
1.910090260207653
1.921341958642006
1.4498386159539223
2.0079126805067062
1.148115911334753
1.0841227322816849
1.4202265948057176
2.1225648045539858
1.4220983773469924
1.8691799521446228
2.3417455732822416
2.3010811634361743
1.8581831097602843
1.3219574451446534
1.8157011687755584
1.4341478511691093
1.3506885945796967
1.754137682914734
1.93208000510931
1.5339747577905656
1.5463666766881943
2.248736160993576
1.4405738599598408
1.35744566321373
1.4061360612511635
2.3455330431461334
2.0088686466217043
2.4144272565841676
1.562863278388977
1.6264066129922867
2.2686844527721406
2.3691695228219034
2.710815578699112
2.4480276107788086
1.4564155742526055
2.6185768350958822
1.908346676826477
1.6223855182528495
1.714254891872406
2.80717111825943
1.534876897931099
1.6899048566818238
2.011553978919983
1.4245134636759758
1.613707958161831
1.4683156214654445
2.2005765080451964
1.9663309037685395
2.457723653316498
2.334385309368372
1.7474026441574098
1.622733974456787
1.8271770894527435
1.440684974938631
2.0549905359745027
2.2850227475166323
1.2193567425012588
1.1716128513216972
1.4636175319552422
1.7758540987968445
2.165328139066696
1.4864364594221116
1.3510258302092553
1.8034846484661102
1.4608534574508667
2.1484067916870115
1.7499964594841004
2.0337661415338517
1.3891290783882142
1.4777259603142738
1.5961516708135606
1.4383449018001557
1.4110491007566452
1.4089043363928795
1.700548654794693
1.7828282922506333
1.817308348417282
1.3950869917869568
2.236125113070011
2.2844580195844175
1.2726112812757493
2.082950568199158
1.7630285441875457
1.7693783581256866
1.2896761536598205
1.853941735625267
1.6473616778850555
1.366037005931139
1.7529886037111282
1.7210192114114762
1.4063395783305168
1.5964298479259014
2.1294195383787153
1.2923351030796766
1.5659427791833878
1.6098178938031196
2.118667948246002
1.4926938965916634
2.1566759541630747
1.4012133836746217
1.4907885640859604
1.9723813213407992
1.367088609933853
1.2543726904317736
1.3427427977323532
1.7876074135303497
1.4240617029368878
1.6057306706905365
1.4127475917339325
1.2837342597544192
1.8032499551773071
1.4313413083553315
1.7268364235758782
1.4680783569812774
2.1709278225898743
1.480651381611824
1.7555291280150414
1.8162918269634247
1.4877960503101348
1.3393352553248405
1.2717163875699042
2.004713049530983
1.807321172952652
1.7328700989484787
1.407294474542141
1.599640029668808
1.5289988100528717
1.9318035125732422
1.3333512261509894
1.3368164933286608
1.3744915775954722
1.5799810320138932
2.351052075624466
1.8517594009637832
1.2780958503484725
1.2345128498971463
1.4636838242411614
1.4597551673650742
1.55140430778265
2.164624509215355
1.08503355383873
1.6079709619283675
1.2383009023964404
1.8796315222978592
1.9167555272579193
1.9337238788604736
1.1561354570090772
1.2184648631140589
2.309384602308273
1.3015398651361465
1.573885418102145
2.043393833935261
1.5602067053318023
1.5463520884513855
1.3174880966544151
1.7365775614976884
2.0302544638514517
1.6765329480171203
2.151855820417404
1.3967297673225403
1.9869832009077073
2.2839193046092987
2.4468931555747986
1.8054797597229482
1.6595074892044068
2.0735229551792145
1.227049996703863
1.305284997075796
1.6201946079730987
1.3804648727178574
1.3010223604738713
1.8514831334352493
1.8162227272987366
2.162298333644867
1.9753703355789185
1.3211757004261018
1.9715446211397647
2.014812785387039
1.728384518623352
1.0673460498452187
1.6443732336163521
1.634672462940216
1.4296537220478058
1.204373051226139
1.7146300315856933
1.9956568151712417
1.6931590497493745
1.4435765370726585
2.2824912488460543
1.7208854466676713
1.8475212708115578
1.9204579085111617
1.5378764986991882
1.0729756824672223
1.2915617875754832
1.5134213134646415
1.8305787205696107
1.0826527908444405
1.9396656155586243
1.5745250925421714
1.6987713813781737
1.38930487036705
1.3891457825899125
1.9327051788568497
1.6377127110958098
1.8670617401599885
1.6693695962429047
1.965884029865265
2.6599186062812805
1.8963447332382202
1.5584314569830895
1.6334845677018166
1.596476686000824
1.325423649698496
1.5707951664924622
1.6737136900424958
1.648199236392975
1.2214772827923297
1.506293711066246
1.667288327217102
1.713894885778427
1.703346425294876
2.1114632427692412
1.150613869726658
1.4640363216400147
2.0949711561203004
1.8315059512853622
1.2612941026687623
2.0403659105300904
1.7088815778493882
2.0031590878963472
2.269192212820053
1.6017081588506699
1.5251320138573647
1.6135434448719024
1.7736693143844604
1.7064895570278167
2.2719799891114234
1.5917455434799195
1.3146512672305106
1.7570695102214813
2.228381896018982
1.6512815415859223
2.2420618295669557
1.544744972884655
1.1612433556467294
1.8723031848669052
1.2568755079060794
2.1361576437950136
1.291923189163208
1.7163003444671632
1.9028502225875854
1.3008629903197289
1.5781876623630524
1.89594646692276
1.4972475484013557
1.654757422208786
1.6787783712148667
2.417159578204155
1.9437716066837312
2.5747958183288575
1.649099987745285
1.746560749411583
1.6222684860229493
1.623036090284586
1.5140594244003296
1.670387902855873
1.0929118156433106
1.4701470673084258
1.4515030950307846
2.263318967819214
2.2107389591634274
1.7560473270714283
1.5870732095092535
1.4578219324350357
1.8711025271564723
2.1707690715789796
1.1865947246551514
1.2615308672189713
1.8553905606269836
1.7414660990238189
1.5861333966255189
2.45073708742857
2.006322222948074
1.877947823703289
1.2558899506926537
1.612560537457466
1.4330946564674378
1.2013901874423027
1.894086581468582
1.3126833774149418
2.039263025671244
2.0797748655080794
1.7301495358347894
1.9182145833969115
1.4849972546100616
1.2716323353350163
1.770668089389801
2.223504160344601
2.186460566520691
1.5010018095374107
1.9958534464240074
1.7353423357009887
1.5569958448410035
2.0671566247940065
1.434478447213769
1.7131654620170593
1.3371839001774788
2.208428703993559
1.8133701860904694
1.3469199944287538
1.3261550933122634
2.445558971166611
1.7888937816023827
2.4141491770744326
1.127159258723259
1.9402795046567918
1.5172817155718803
1.5247177183628082
1.3130741711705922
2.118748444318771
1.9737523436546325
1.4811506867408752
1.105645986646414
1.5048956990242004
1.7292295694351196
1.5457540690898894
1.351287490129471
2.0261969730257987
1.523819589614868
1.7639481872320175
1.2873357690870761
1.1231004796922206
1.9658587038517
1.4700650572776794
2.347458252310753
1.6409088015556335
1.3427588939666748
1.3878869235515594
2.1858954608440397
1.1485514342784882
1.1829360604286194
1.6090998031198978
1.7497175216674805
2.4652593970298766
1.8673848271369935
1.3448666252195836
2.158233492076397
1.2284294165670873
1.3466723717749118
1.890720498561859
1.0775521144270896
1.7386284828186036
1.6500500679016112
1.356603354215622
1.7521620690822601
1.8619161620736122
1.4908209666609764
1.220972691476345
1.437012106925249
1.7732643723487853
1.6390810668468476
2.123657500743866
1.9464860945940017
1.8768187522888184
1.867735004425049
1.7240818932652473
1.6370408274233341
1.5576943032443524
1.2874598935246468
1.2795054078102113
1.9196136355400086
1.6563723862171174
1.552746558189392
1.7975464165210724
1.4170897364616395
1.4659905970096587
1.8099629163742066
1.2444808676838874
1.5869362130761147
1.8711496770381928
1.5144333034753799
1.6451970100402833
1.8499934077262878
1.8476523071527482
1.4940040230751037
1.742532205581665
2.203053566068411
1.347211691737175
1.4122571371495725
1.8000719204545022
1.6413712859153748
1.6269013658165932
1.3086261197924614
1.5888039395213127
2.2485306739807127
1.7982300117611885
1.3981352224946022
1.5996085040271282
1.723897571861744
1.7230975344777106
1.4580127090215682
2.015690129250288
1.6726332977414131
1.5685975790023803
1.4836008176207542
1.4338055908679963
1.4828840255737306
1.5713697597384453
2.482534098625183
1.540616312623024
1.235187827050686
2.1671539425849913
1.5122376739978791
1.314269458502531
1.7929609775543214
1.6944686472415924
1.778288596868515
1.565369001030922
2.413814377784729
1.3782980293035507
1.5471666753292084
1.3049236595630647
1.630982092022896
0.9868292842060328
1.605740812420845
1.4006717175245285
1.356071987003088
1.4725863754749298
1.717685730010271
1.6331277787685394
1.4853209897875785
1.6978521585464477
1.6016128540039063
1.4426829412579536
1.3507528640329838
1.8405083306133747
1.5534453094005585
1.4257077321410179
1.9462633371353149
1.619476079940796
1.432377490401268
1.6238467216491699
1.5733707055449486
1.3030544355511666
2.093923795223236
2.051491838693619
1.3074397265911102
1.634853133559227
1.5658436954021453
1.8422614485025406
2.01195600181818
1.3623972237110138
1.6178541153669357
1.4344925984740258
1.382692252099514
1.270879289507866
2.0067773520946504
1.13062664270401
1.5749570280313492
1.5766908466815948
1.6336934823542832
2.228326438367367
1.916494556888938
1.4858492277562618
1.926974418759346
1.6456878125667571
1.7605593770742416
1.5479795724153518
1.4424289476126433
1.6606414318084717
1.3867508873343468
1.8571831345558167
2.075082117319107
1.092122281342745
2.236214591562748
1.3756778068840503
1.6036146111786365
1.6247017830610275
2.1865594670176507
2.0639813870191572
1.9052224516868592
1.8360674023628234
1.4651742804795505
1.755522459745407
1.841503944993019
1.961271381378174
1.7147649884223939
1.74105344414711
1.3577482730150223
2.6576644122600555
1.7616931915283203
1.8248349407687783
1.569861170090735
1.365696831047535
1.5533331036567688
1.8937060073018075
1.7592320799827577
1.6340476810932159
1.3384272798895835
1.6326989203691482
1.2284319758415223
1.8028138816356658
2.1558231472969056
2.1972888588905333
1.384643840789795
1.4199285745620727
2.1914373099803925
0.8479810357093811
1.5854350492358207
2.4291406989097597
1.171650117635727
1.7618940204381943
1.4270998127758503
1.7016556918621064
1.7075851567089557
1.7780069231987
2.20655570179224
2.0420710377395155
1.7547292947769164
1.7255202554166318
2.5437124133110047
1.4985106214880943
1.8719062574207783
2.1112499475479125
1.4029549360275269
1.6366299852728843
1.375165718048811
1.8661638826131821
1.8851211674511432
1.6570749640464784
1.5293954014778137
1.5729045152664185
0.9866650607436895
1.9343462839722634
1.2620235800743103
1.4008419578894973
1.9083347558975219
1.9736802037805319
1.7423774272203445
2.032224750518799
2.3246606528759
1.5880571246147155
1.6853153109550476
1.3600803643465043
1.5380367517471314
1.6311255998909473
1.13794913738966
0.9654277600347996
2.3931504845619203
1.5835207149386406
1.4585648462176324
1.6433394402265549
2.2121554125100373
2.02754849717021
1.6448547877371311
1.4348329305648804
0.9375725079327821
1.688178299367428
1.35040642619133
1.5423880457878112
1.4232571512460708
1.4180999532341958
1.722485601902008
1.404275621753186
1.5308608919382096
2.0951459020376206
1.7261267395690083
1.8853531181812286
1.028530775755644
1.4566043872386216
2.4924102783203126
1.5635724037885665
1.0864810891449452
1.6669276833534241
1.261770674586296
1.5068510204553605
1.3092804074287414
1.6248323380947114
1.8427194200456143
1.4923349618911743
2.2376064896583556
1.7212944388389588
2.087115877866745
1.6008968114852906
1.774449560046196
1.8033892929553985
1.551581472158432
1.2471394903957844
2.105022257566452
1.4511791706085204
1.6140799671411514
3.000364303588867
1.5958810240030288
2.1967183649539948
1.4682999119162559
0.9871858343482017
2.094379338622093
1.7785767007619142
1.3526382327079773
1.7474090173840522
1.4324748396873475
2.092022442817688
1.098300039768219
1.8000586673617363
1.5189562022686005
1.5491824999451638
1.54473762139678
1.6729646414518355
1.2932026088237762
1.5478237181901933
1.2918545097112655
1.6592576801776886
1.4615053951740264
1.1810607928782701
1.6813501358032226
1.2618825575336814
1.8129718907177448
1.7187635898590088
1.4788562893867492
2.7501707673072815
2.028682363033295
1.9865520030260087
1.9040987133979796
2.146799808740616
1.6175826409831644
1.6500438928604126
1.5441267967224122
1.7333556473255158
1.3607674315571785
1.3740915462374688
1.5808733731508255
2.0535648345947264
1.754982578754425
1.6407581239938736
1.3439670145511626
1.1242741560563445
1.470961283147335
2.0994052469730375
1.472617644071579
1.5127325475215911
1.705054434761405
1.4649840317666531
1.5551026105880736
1.60542431473732
2.0133831024169924
1.666825631633401
1.2018266201019288
1.0801814652979373
1.4164558500051498
1.639743061736226
1.6634850203990936
1.7428537726402282
1.6430399000644684
2.0352177165448664
1.3393008351325988
2.031990021467209
1.4272435858845711
1.5618775725364684
1.6220246151089668
1.724609835445881
2.045555752515793
1.7821123912930488
1.2007236358709634
1.660176758468151
1.1459821313619614
1.577182126045227
1.4118212416768074
1.6663859051652252
1.7464412435889245
1.4782600820064544
1.172223611176014
2.7554118156433107
0.8517410796135664
2.2460624843835832
1.298259212821722
0.9962333284318448
1.5217850409448146
1.543798741698265
2.273138527572155
1.6564826667308807
1.3561251047998666
2.077722990512848
1.8859673291444778
1.641430127620697
1.5168748304247857
1.2495051085948945
2.066472887992859
1.7014384627342225
1.4787595629692079
1.4607021778821945
1.6257884979248047
1.6099135242402554
1.4821356229484082
2.0163134038448334
1.4037254303693771
2.1840526938438414
1.5477779060602188
1.355277594923973
1.8962612360715867
2.0623472392559052
1.3581150136888027
2.087275043129921
1.7303106166422366
2.3463420391082765
1.659641933441162
1.6550165593624115
1.3375309497117995
1.666712325811386
1.200049924850464
1.8429945468902589
1.489261645078659
1.580849426984787
1.7208002015948296
1.3824491560459138
1.7500020816922188
1.7873846888542175
1.8855349481105805
2.0157627880573274
1.360431632772088
1.591766966879368
2.029587537050247
2.023349706083536
2.5723018884658813
1.525320091098547
1.6668368011713028
1.5235655814409257
1.999117917381227
1.5846849054098129
2.1795831378549337
1.4545753955841065
1.1559898108243942
1.9693235814571382
1.18179991543293
1.7706918179988862
1.5854222297668457
2.061544695496559
1.3120044209063053
1.1209567859768867
1.5705406367778778
1.4587648451328277
1.3505671158432961
1.4373979974538087
1.9871836066246034
1.7315214924514293
1.8371196508407592
1.3159705370664596
1.6868409931659698
1.562133602797985
2.460930383205414
1.3272954240441321
1.4872632928192615
1.422063797712326
1.8351342678070068
1.5703570902347566
1.3345322765409946
1.7281354874372483
1.263535949587822
1.3899161890149117
1.7955201627686619
1.960696241259575
1.7314361155033111
1.2301521569490432
2.03261176943779
1.367292869091034
0.9126763731241226
1.9182656526565551
1.6028579950332642
1.673699316382408
1.7057886004447937
1.918042129278183
1.741438102722168
1.4497772570699454
2.391782507300377
1.691235689073801
1.6788388416171074
1.677242812514305
1.3849854968488216
1.4015382945537567
1.5611395239830017
1.296251831203699
1.6769996404647827
1.8385990023612977
1.9247876048088073
2.0480510234832763
1.9270232271403074
1.4994675636291503
1.3168128874152898
1.5561155550181867
1.783826407790184
1.5303547620773315
1.381925541162491
1.824532961845398
2.0566917210817337
2.8984348714351653
2.3632769107818605
2.202590733766556
1.8889256715774536
2.081618595123291
1.4262430995702744
1.6583641797304154
1.5783759426325559
1.7150305271148683
1.0379937790334224
1.1084643311798572
2.0192472338676453
1.1544765677303075
2.4681433588266373
1.4130903422832488
2.326891553401947
1.4261137902736665
1.331915372610092
1.6348568439483642
1.4278898678719998
1.3733420580625535
1.62856222987175
2.236884342133999
1.9580952286720277
2.0367003470659255
1.477368277311325
1.6194153517484664
2.0647983491420745
1.54835856705904
1.6053191393613815
1.4290290772914886
1.0022242769598961
2.0202561557292937
1.9166715651750565
1.8810985684394836
1.664045086503029
1.8579491287469865
1.8205667927861213
1.8207073777914047
1.6798840418457985
1.5545881181955337
1.132271671295166
1.3274102121591569
1.2462854504585266
2.3054776757955553
1.5532967507839204
1.8953442126512527
1.5814647138118745
1.7745426088571548
1.437416434288025
1.7950462222099304
2.093158149719238
1.847874140739441
1.223817139863968
1.435348329693079
2.750352221727371
1.3635937854647637
1.6911252379417419
1.4390596926212311
1.6356946900486946
1.1604834355413913
1.2366289772093295
1.1568493507802486
1.3894263476133346
1.7084103047847747
0.8386735685169697
1.6742542192339898
1.3308801621198654
1.2702584505081176
1.709625780582428
1.5884861648082733
1.049347909167409
1.8040390513837337
1.1933023035526276
1.347855831682682
1.5543664041906595
1.2330936521291733
1.484902662038803
1.127565211057663
1.2550358563661574
1.4025513984262943
1.3610824525356293
1.4955887205898761
1.680759173631668
1.7631143659353257
2.0115756511688234
2.1683416955173014
1.2302118003368379
1.3346519708633422
1.1726038955152034
1.2786327064037324
1.9322684392333032
1.5727010935544967
1.5676634967327119
1.7207638248801231
1.2803264774382115
1.2798024892807007
1.26577073559165
1.2873708071187138
1.51916194409132
1.6321976482868195
2.2628867834806443
1.6480421274900436
1.3910669875331223
0.9002803131937981
1.4460519582033158
1.4731104983948171
1.8045855078846216
0.9806616611778736
1.8417313396930695
1.6497325837612151
