2.8933332204818725
2.9123777866363527
2.886862635612488
2.870968532562256
2.939183807373047
2.887093257904053
2.8872263431549072
2.8852860927581787
2.89012770652771
2.894650769233704
2.889716148376465
2.8804394245147704
2.882045292854309
2.924402642250061
2.8721475839614867
2.87555046081543
2.919174313545227
2.8906178951263426
2.874644470214844
2.9023539781570435
2.9188648462295532
2.896913266181946
2.860430860519409
2.896075439453125
2.877605986595154
2.8794116497039797
2.905338478088379
2.8911572217941286
2.891556429862976
2.910596323013306
2.9164331436157225
2.912272500991821
2.901585054397583
2.882951545715332
2.914945292472839
2.8902990341186525
2.9029680252075196
2.846027946472168
2.88882372379303
2.8954619407653808
2.8906044721603394
2.871258997917175
2.9099332332611083
2.9196720838546755
2.857345461845398
2.8726627588272096
2.8825287342071535
2.9194260358810427
2.8977648496627806
2.896664547920227
2.8754733324050905
2.902915525436401
2.8580697536468507
2.874195694923401
2.909386968612671
2.8958699464797975
2.8949043273925783
2.9034211158752443
2.9037978649139404
2.8994317770004274
2.8749903440475464
2.8934044361114504
2.909581446647644
2.881922698020935
2.9086159229278565
2.864350771903992
2.8695770025253298
2.9034185647964477
2.888244152069092
2.876419520378113
2.901427745819092
2.8747772693634035
2.9209307193756104
2.900824213027954
2.9148621797561645
2.8482462406158446
2.9033830881118776
2.8885895729064943
2.9042782545089723
2.893761682510376
2.896108102798462
2.890050172805786
2.9073848962783813
2.9198935508728026
2.9061387538909913
2.8970829010009767
2.872913122177124
2.8842098474502564
2.8882158041000365
2.896916890144348
2.8760701179504395
2.8977463960647585
2.9012749433517455
2.8851571083068848
2.900427150726318
2.9026010751724245
2.8912696838378906
2.8840598344802855
2.884642481803894
2.8781071662902833
2.8708966732025147
2.8885454416275023
2.865218901634216
2.8663633346557615
2.8945784330368043
2.887209486961365
2.901045894622803
2.898573637008667
2.866564655303955
2.9124536991119383
2.886210012435913
2.875414800643921
2.8885083198547363
2.925322675704956
2.8910866498947145
2.8912154912948607
2.8720827102661133
2.8708210945129395
2.8728589534759523
2.8739697456359865
2.887055492401123
2.87673761844635
2.891420674324036
2.896061396598816
2.85168399810791
2.8789409160614015
2.9048378705978393
2.898715376853943
2.9111238718032837
2.9005619049072267
2.885216212272644
2.9102657556533815
2.9013678312301634
2.885547471046448
2.8894779920578
2.8827126741409304
2.9125079870224
2.894957733154297
2.8703895568847657
2.9118483304977416
2.897099161148071
2.8871455669403074
2.9040392875671386
2.8864410877227784
2.8678460836410524
2.898486590385437
2.89867103099823
2.888302230834961
2.910828447341919
2.8656190156936647
2.893149185180664
2.8939661741256715
2.904725527763367
2.9228863954544066
2.88437442779541
2.8957887649536134
2.9043178081512453
2.8968069791793822
2.8720171213150025
2.908395552635193
2.909117317199707
2.894407868385315
2.882685685157776
2.8855787754058837
2.878610610961914
2.863047790527344
2.8816724538803102
2.8917370319366453
2.9025384187698364
2.905783224105835
2.883738112449646
2.8853229761123655
2.8561405181884765
2.9032816648483277
2.893387293815613
2.8784605503082275
2.896393656730652
2.888496685028076
2.903151273727417
2.8825153350830077
2.9160465002059937
2.8957613468170167
2.8886834383010864
2.909851241111755
2.8706814527511595
2.92409348487854
2.905748152732849
2.8968493938446045
2.9169248580932616
2.8735946893692015
2.894816589355469
2.8842042207717897
2.8656743288040163
2.854037356376648
2.8924561500549317
2.9093818187713625
2.8935495376586915
2.878080677986145
2.8922577142715453
2.9008288383483887
2.887295866012573
2.886749267578125
2.8605255365371702
2.8786633968353272
2.9108249664306642
2.8918418169021605
2.885791873931885
2.8713022232055665
2.875189733505249
2.904349684715271
2.8980859756469726
2.8770904302597047
2.8779296875
2.8982300043106077
2.9018620252609253
2.924236297607422
2.890948462486267
2.869458055496216
2.9047782182693482
2.900712418556213
2.8800705909729003
2.898263430595398
2.8859127283096315
2.8936508893966675
2.900904393196106
2.880653667449951
2.871791052818298
2.9131813049316406
2.8807347297668455
2.883847236633301
2.858801531791687
2.8487929582595823
2.877763295173645
2.896217370033264
2.886998701095581
2.875376653671265
2.8945167303085326
2.9015418529510497
2.89356906414032
2.8808523654937743
2.8861140489578245
2.872636413574219
2.9301968812942505
2.916321301460266
2.870672583580017
2.909230637550354
2.880184292793274
2.9108437061309815
2.874193859100342
2.877500629425049
2.9037132978439333
2.8623716831207275
2.8720556020736696
2.889815092086792
2.9157365560531616
2.911733627319336
2.9137528419494627
2.8546531915664675
2.879957365989685
2.8978595972061156
2.875923275947571
2.870344114303589
2.9006563663482665
2.884107208251953
2.8798272132873537
2.8846411228179933
2.9032719850540163
2.9311593055725096
2.8907819271087645
2.904777693748474
2.8952505588531494
2.8826894044876097
2.8810189723968507
2.87723445892334
2.870512366294861
2.881990337371826
2.8796871185302733
2.899475884437561
2.8765745401382445
2.8771058559417724
2.9176276445388796
2.898060154914856
2.890194320678711
2.894348216056824
2.882686495780945
2.8883995532989504
2.890169548988342
2.883933424949646
2.89170389175415
2.8998249769210815
2.8729777574539184
2.8803927183151243
2.9048093795776366
2.8808234214782713
2.9239731788635255
2.9160534381866454
2.8706719160079954
2.9033528089523317
2.9123236894607545
2.904109239578247
2.875081706047058
2.8853564739227293
2.879139757156372
2.8784700632095337
2.896680235862732
2.907621955871582
2.8990614652633666
2.869441032409668
2.90392062664032
2.8750356912612913
2.88926100730896
2.8711746454238893
2.8817837476730346
2.891709542274475
2.8760154008865357
2.916462016105652
2.8828576803207397
2.898377227783203
2.8945646047592164
2.8768325805664063
2.882055902481079
2.903163504600525
2.900056338310242
2.887819528579712
2.8911221265792846
2.894575524330139
2.885265922546387
2.8745968341827393
2.894936943054199
2.876686763763428
2.8943073749542236
2.863135075569153
2.901014304161072
2.908453106880188
2.8551507234573363
2.8951447010040283
2.8945180892944338
2.8952009677886963
2.895361804962158
2.877439284324646
2.877316617965698
2.902862524986267
2.890511727333069
2.8818042039871217
2.880851626396179
2.877866005897522
2.8951704263687135
2.880495238304138
2.8820372581481934
2.9040232419967653
2.8922406911849974
2.8934128522872924
2.8738626718521116
2.8754845380783083
2.8832361936569213
2.8815667152404787
2.8980201482772827
2.877110147476196
2.8668860912323
2.8807096242904664
2.8984907388687136
2.8930176734924316
2.875327205657959
2.8748605966567995
2.902940559387207
2.8745152235031126
2.9003352165222167
2.896664786338806
2.903924322128296
2.8909280776977537
2.8981780767440797
2.864618420600891
2.8674701690673827
2.9053981065750123
2.8857423782348635
2.8741002798080446
2.915365290641785
2.8980153799057007
2.884639620780945
2.9034348249435427
2.8872105836868287
2.8810805797576906
2.888422441482544
2.899626088142395
2.873640251159668
2.8783899784088134
2.8894536018371584
2.887320375442505
2.8982314109802245
2.8682199716567993
2.901467227935791
2.896323394775391
2.9056214332580566
2.8939674377441404
2.904781150817871
2.892286992073059
2.90851149559021
2.8741447925567627
2.8900368213653564
2.8723622798919677
2.9018046140670775
2.888500714302063
2.8746163845062256
2.880691647529602
2.912826132774353
2.869772458076477
2.8838069915771483
2.8854421854019163
2.888101363182068
2.890230345726013
2.8971633195877073
2.868346619606018
2.883725380897522
2.8940399646759034
2.8774916887283326
2.8689098834991453
2.903823971748352
2.8884510040283202
2.89588303565979
2.8978270292282104
2.8640446424484254
2.9047794103622437
2.903172016143799
2.9092007875442505
2.8991602659225464
2.889823246002197
2.8974499702453613
2.8716393232345583
2.909652304649353
2.881175398826599
2.894137811660767
2.879631185531616
2.8616265296936034
2.8604015588760374
2.889978265762329
2.871305060386658
2.8733881235122682
2.902358078956604
2.8819998025894167
2.887343144416809
2.8908575773239136
2.9151304721832276
2.888479733467102
2.8793506383895875
2.903829503059387
2.8865485191345215
2.888400077819824
2.8944931268692016
2.8837631225585936
2.880663251876831
2.875382685661316
2.897021746635437
2.878342938423157
2.902052640914917
2.876156282424927
2.890013909339905
2.8758349657058715
2.902157783508301
2.890040063858032
2.8790236949920653
2.875230407714844
2.892506980895996
2.8871617555618285
2.8714845418930053
2.8826590299606325
2.887834644317627
2.881339359283447
2.8967630863189697
2.872894263267517
2.905742621421814
2.9062034368515013
2.873954010009766
2.8782455682754517
2.8975968599319457
2.8910688400268554
2.8884491205215452
2.902273416519165
2.8942140340805054
2.875573205947876
2.897205352783203
2.8771655321121217
2.881701636314392
2.8791071653366087
2.8720345973968504
2.8938583374023437
2.896310901641846
2.8864593267440797
2.895134615898132
2.867733597755432
2.8735578298568725
2.9236228704452514
2.9102248668670656
2.874102997779846
2.8775577306747437
2.869386148452759
2.901838541030884
2.8813421010971068
2.880919933319092
2.8790310859680175
2.891447567939758
2.9066881418228148
2.874198579788208
2.8748759984970094
2.8766692161560057
2.8974125146865846
2.8820778846740724
2.8819045543670656
2.8772245407104493
2.877588176727295
2.9113547563552857
2.8798588037490847
2.881630706787109
2.8572009325027468
2.8791969060897826
2.88333477973938
2.902041506767273
2.8724837779998778
2.885023260116577
2.894041323661804
2.897438478469849
2.8878671407699583
2.8960078716278077
2.890229511260986
2.8935803174972534
2.87550835609436
2.8960374116897585
2.8825138807296753
2.868680739402771
2.9035319566726683
2.9018900632858275
2.8992335319519045
2.869384765625
2.8823432445526125
2.874759149551392
2.8494383811950685
2.8772645950317384
2.89297034740448
2.8889265775680544
2.873198914527893
2.891797947883606
2.8959616899490355
2.9031851053237916
2.8694711685180665
2.908553385734558
2.873114562034607
2.888138484954834
2.8959259510040285
2.8680768251419066
2.8827394962310793
2.8749140739440917
2.887140893936157
2.8784932613372805
2.8930273056030273
2.878542351722717
2.881708264350891
2.8820618867874144
2.8845823287963865
2.911450910568237
2.8970211029052733
2.870277261734009
2.878180408477783
2.899324631690979
2.8751489877700807
2.8629337549209595
2.894471621513367
2.8922411441802978
2.860124707221985
2.893824648857117
2.886817717552185
2.8813686847686766
2.8828466176986693
2.8918725728988646
2.871643829345703
2.8594961166381836
2.877191972732544
2.9012864351272585
2.903384304046631
2.8867250442504884
2.8713719606399537
2.8709739208221436
2.9117448806762694
2.8893807411193846
2.8768464088439942
2.8782575368881225
2.89621319770813
2.8843191623687745
2.8626237154006957
2.895762324333191
2.887880539894104
2.890127444267273
2.8830287218093873
2.908743715286255
2.855530619621277
2.8913055896759032
2.886532926559448
2.85049421787262
2.877143049240112
2.8819239139556885
2.864749312400818
2.9018238306045534
2.877606177330017
2.886948990821838
2.867297053337097
2.881224346160889
2.87431800365448
2.8798152208328247
2.879893684387207
2.8685640573501585
2.8949968576431275
2.857398509979248
2.9120548963546753
2.8311722755432127
2.8648209095001222
2.9067027091979982
2.8891277551651
2.8645883083343504
2.8838518142700194
2.8826207876205445
2.8700915813446044
2.8684446573257447
2.8505300760269163
2.87324321269989
2.8876883506774904
2.8646451234817505
2.8990158319473265
2.898034167289734
2.9148553371429444
2.8669414043426515
2.895623564720154
2.8952200651168822
2.864712858200073
2.909239339828491
2.8602656364440917
2.891606259346008
2.8545378684997558
2.8910924196243286
2.8785265684127808
2.874422860145569
2.8838424921035766
2.8296909809112547
2.849127721786499
2.834352803230286
2.9121345043182374
2.841748356819153
2.8600886821746827
2.8786696434020995
2.87192280292511
2.907694697380066
2.8820657253265383
2.911631441116333
2.890506625175476
2.865604877471924
2.8653515577316284
2.8676281690597536
2.8706913232803344
2.9190086364746093
2.902633023262024
2.8857925653457643
2.9093253135681154
2.888196587562561
2.8876222133636475
2.9068209886550904
2.864396858215332
2.8961242914199827
2.8898705005645753
2.9152530670166015
2.8809885501861574
2.8621216773986817
2.896774411201477
2.8683424949645997
2.8811545610427856
2.876306104660034
2.919942831993103
2.8569551944732665
2.914113426208496
2.912941908836365
2.8772354125976562
2.8992708683013917
2.8593250513076782
2.9012863874435424
2.9061843156814575
2.8859452962875367
2.90932719707489
2.885203456878662
2.8556860208511354
2.8963671922683716
2.8712223052978514
2.877566909790039
2.848663830757141
2.875190997123718
2.864127445220947
2.8862578868865967
2.8674832582473755
2.888846755027771
2.901173448562622
2.8741188049316406
2.8962997674942015
2.85951714515686
2.888481593132019
2.8584651708602906
2.8703291416168213
2.8956971883773805
2.911400246620178
2.8668092250823975
2.8686994552612304
2.837001156806946
2.8978360176086424
2.875181460380554
2.8862364292144775
2.869064974784851
2.8868301630020143
2.8891364336013794
2.9118926763534545
2.867438817024231
2.8896020650863647
2.865494132041931
2.863758587837219
2.892877531051636
2.8813299179077148
2.885115146636963
2.840019202232361
2.880803847312927
2.8437261819839477
2.868804097175598
2.8816890954971313
2.8875596046447756
2.8914302587509155
2.8522427797317507
2.8897277116775513
2.8411793231964113
2.886652946472168
2.8484824657440186
2.8773873805999757
2.9147916555404665
2.8820403814315796
2.911246728897095
2.8437552452087402
2.8995156049728394
2.87316358089447
2.8835713624954225
2.905768799781799
2.9159106492996214
2.858280324935913
2.8541435956954957
2.8906508922576903
2.865027832984924
2.901015043258667
2.9310940504074097
2.868654155731201
2.856152153015137
2.8979368209838867
2.8822896003723146
2.927915406227112
2.882085371017456
2.853356647491455
2.8793601274490355
2.899998736381531
2.8741284370422364
2.874964880943298
2.876685285568237
2.832199788093567
2.890554094314575
2.888724422454834
2.8547263860702516
2.8899486541748045
2.8683287620544435
2.895748829841614
2.8777400970458986
2.8695473194122316
2.8988331079483034
2.866958498954773
2.867354679107666
2.879771327972412
2.8873146772384644
2.886472725868225
2.847218942642212
2.8780484914779665
2.888610529899597
2.8861631631851195
2.8857011079788206
2.8753582000732423
2.8954452991485597
2.848789167404175
2.9000885248184205
2.8776110649108886
2.8750145196914674
2.9024484872817995
2.8826532125473023
2.860950756072998
2.8718544483184814
2.86204047203064
2.8578032493591308
2.874365711212158
2.9037405252456665
2.8923157453536987
2.876977300643921
2.8966431617736816
2.8803245306015013
2.897339367866516
2.8777655601501464
2.8625019788742065
2.850770854949951
2.876605987548828
2.8747117042541506
2.8671432733535767
2.9170960664749144
2.8546955823898315
2.9104048728942873
2.860497236251831
2.936622643470764
2.8811706066131593
2.903310251235962
2.8520812511444094
2.8763741493225097
2.8974875926971437
2.881300616264343
2.8575685262680053
2.9110520124435424
2.8501317739486693
2.879118800163269
2.8566539764404295
2.9004374504089356
2.8861900091171266
2.8576082229614257
2.8808863401412963
2.882964611053467
2.882703995704651
2.8504788398742678
2.8739650011062623
2.9074195861816405
2.8773528575897216
2.875991153717041
2.8170027256011965
2.9098689794540404
2.8961968421936035
2.8866349935531614
2.8857914447784423
2.894729232788086
2.868262839317322
2.8617743015289308
2.900041389465332
2.858964467048645
2.868064212799072
2.883350968360901
2.889957571029663
2.867544341087341
2.8255736589431764
2.883044791221619
2.8803416013717653
2.8948500633239744
2.8799550533294678
2.8894935607910157
2.873749256134033
2.8834170579910277
2.8953264951705933
2.8716692686080934
2.845732855796814
2.8517120122909545
2.9149013996124267
2.911200261116028
2.8398197174072264
2.901282858848572
2.875859785079956
2.867368221282959
2.8257538318634032
2.8607600927352905
2.902177405357361
2.897582769393921
2.8713953256607057
2.8399980306625365
2.8687477827072145
2.875108027458191
2.8409441232681276
2.882474398612976
2.9149513483047484
2.8700932264328003
2.8871604204177856
2.861855149269104
2.851058316230774
2.9139823436737062
2.8534093141555785
2.896737790107727
2.900526523590088
2.859738802909851
2.855077028274536
2.8877132892608643
2.8612518548965453
2.877914810180664
2.8918474435806276
2.9074248552322386
2.898554801940918
2.898418498039246
2.853892207145691
2.8880219221115113
2.836438846588135
2.89552001953125
2.8681140661239626
2.8989291429519652
2.8499704360961915
2.8366315841674803
2.888494348526001
2.866685318946838
2.883757734298706
2.8702789068222048
2.8940611124038695
2.8853901386260987
2.884481930732727
2.908835768699646
2.8920321464538574
2.862410616874695
2.8828577756881715
2.863202452659607
2.869674801826477
2.828149104118347
2.8644317865371702
2.9143258333206177
2.844941329956055
2.8986480951309206
2.8800002574920653
2.8722651958465577
2.8793317556381224
2.8690048694610595
2.880430722236633
2.864947199821472
2.9223695278167723
2.870967960357666
2.8830488204956053
2.9075494527816774
2.8695090770721436
2.940076398849487
2.905828619003296
2.8731998205184937
2.908149266242981
2.872332143783569
2.876466417312622
2.84019021987915
2.882000541687012
2.8845804214477537
2.891193127632141
2.904376912117004
2.8791024446487428
2.873670148849487
2.9091323614120483
2.8610453605651855
2.922276186943054
2.901423144340515
2.8576680183410645
2.894835948944092
2.8754196643829344
2.910092258453369
2.8575860500335692
2.8892868041992186
2.8872804641723633
2.882143497467041
2.8908758878707888
2.852683353424072
2.890284466743469
2.8859098672866823
2.8949163436889647
2.845192289352417
2.874154877662659
2.902940773963928
2.860285425186157
2.861854362487793
2.8969466924667358
2.869996953010559
2.8761417865753174
2.9142441272735597
2.876025414466858
2.88211874961853
2.901830291748047
2.904133343696594
2.8760244369506838
2.880507564544678
2.8785393714904783
2.8699238777160643
2.8705752372741697
2.865403437614441
2.8656797885894774
2.8722374200820924
2.8859400272369387
2.8517848014831544
2.850435185432434
2.861869144439697
2.889960026741028
2.911986541748047
2.887161946296692
2.8687723875045776
2.8597386121749877
2.8516191959381105
2.885792779922485
2.888140249252319
2.8791159629821776
2.87068190574646
2.8986786127090456
2.884217643737793
2.863698148727417
2.8876369476318358
2.914402222633362
2.8738500118255614
2.8807644844055176
2.902154803276062
2.86019446849823
2.8658284664154055
2.8886516094207764
2.860832405090332
2.9006558418273927
2.890943694114685
2.8728030204772947
2.8586785078048704
2.8498497009277344
2.8708056926727297
2.8708001136779786
2.9058594942092895
2.8513169288635254
2.892592453956604
2.8625756025314333
2.832290196418762
2.8738099336624146
2.8603394746780397
2.875060224533081
2.847297954559326
2.869532561302185
2.874667692184448
2.855498766899109
2.839221882820129
2.8427416324615478
2.887166738510132
2.884049820899963
2.888062524795532
2.819567918777466
2.904200029373169
2.859937071800232
2.8479876041412355
2.871916151046753
2.910895085334778
2.9119448900222777
2.897550916671753
2.8791881799697876
2.8794514656066896
2.852004623413086
2.8638648986816406
2.902219367027283
2.82430956363678
2.8805046558380125
2.856347370147705
2.8651672124862673
2.8881579875946044
2.8560120344161986
2.850698709487915
2.8837838888168337
2.9220421075820924
2.8774935722351076
2.8691965103149415
2.890150547027588
2.8753323316574098
2.838156819343567
2.878169584274292
2.873109722137451
2.8820026874542237
2.8798038721084596
2.8342387676239014
2.884233903884888
2.8784207344055175
2.818069505691528
2.8989999771118162
2.8943567514419555
2.9190943241119385
2.8775007486343385
2.8270264625549317
2.8735731840133667
2.8739386558532716
2.8652091026306152
2.873999810218811
2.906082034111023
2.8508572578430176
2.8902188777923583
2.898862862586975
2.8557785511016847
2.899304676055908
2.8790731191635133
2.90375394821167
2.88529486656189
2.9157654285430907
2.841938281059265
2.8616651058197022
2.8728965520858765
2.867828035354614
2.854962706565857
2.866789770126343
2.8837480783462524
2.875787782669067
2.9016614675521852
2.889039397239685
2.858830690383911
2.8562493324279785
2.8553511619567873
2.887432098388672
2.8689565896987914
2.8996963500976562
2.8740838050842283
2.8506364107131956
2.8566133975982666
2.924020528793335
2.8569226026535035
2.8575868606567383
2.8779470682144166
2.8652985811233522
2.8507898330688475
2.896380138397217
2.882961082458496
2.900747036933899
2.877617692947388
2.862618017196655
2.869385576248169
2.832663369178772
2.8871468544006347
2.860428500175476
2.8367549180984497
2.8778529167175293
2.91585533618927
2.8540589809417725
2.8286524534225466
2.8884705781936644
2.8929293394088744
2.879495859146118
2.860754704475403
2.873013424873352
2.875602054595947
2.8524715185165403
2.821417284011841
2.884625697135925
2.877590775489807
2.8589365243911744
2.8622583389282226
2.86565899848938
2.871598649024963
2.8619940280914307
2.8846171379089354
2.924487590789795
2.8378973484039305
2.8670480012893678
2.8957422256469725
2.881819176673889
2.8687945365905763
2.9094710826873778
2.928511381149292
2.880632758140564
2.8750736474990846
2.8877471923828124
2.8748981237411497
2.8919923305511475
2.870799350738525
2.8536173582077025
2.8278367042541506
2.8722373485565185
2.870428705215454
2.9076201915740967
2.8789716005325316
2.871983051300049
2.8442909479141236
2.8727359533309937
2.8789525270462035
2.8890713453292847
2.8803220272064207
2.8622148036956787
2.8568800926208495
2.852865219116211
2.8575095891952516
2.886203908920288
2.8691133499145507
2.8986042976379394
2.8752519845962525
2.851528263092041
2.889257884025574
2.8541391134262084
2.8733567714691164
2.8502243041992186
2.8990796327590944
2.858148121833801
2.8679087162017822
2.8498648405075073
2.826216793060303
2.8778794527053835
2.850949430465698
2.865438461303711
2.8710200548172
2.886404037475586
2.8635950803756716
2.875067377090454
2.8600574016571043
2.8830024003982544
2.8465505599975587
2.9146764278411865
2.8746530532836916
2.8919811725616453
2.8629133701324463
2.858661580085754
2.8487134695053102
2.8671809673309325
2.8940053939819337
2.914889931678772
2.8904696464538575
2.9011972665786745
2.851879668235779
2.8804425954818726
2.8833627462387086
2.8774732828140257
2.8661152124404907
2.88402783870697
2.879196214675903
2.867768096923828
2.884493350982666
2.85474750995636
2.8508384943008425
2.876966381072998
2.8721866369247437
2.8446715593338014
2.8743090629577637
2.8540169477462767
2.869532608985901
2.8748902559280394
2.835939383506775
2.902444338798523
2.8401915788650514
2.852591800689697
2.8591010093688967
2.8442934274673464
2.875633406639099
2.8482042074203493
2.893225169181824
2.8725435972213744
2.8751155376434325
2.8402467489242555
2.8669952630996702
2.8389334678649902
2.9162845611572266
2.829252099990845
2.84357430934906
2.8627112865448
2.8693450927734374
2.8645907163619997
2.8350610733032227
2.8888319730758667
2.8889679193496702
2.8894105911254884
2.8510733127593992
2.8550520658493044
2.8683964729309084
2.8759857654571532
2.884649062156677
2.8584376096725466
2.886613202095032
2.8719181776046754
2.8460121393203734
2.8484426021575926
2.912894582748413
2.8613144159317017
2.882085394859314
2.906448793411255
2.8531418085098266
2.8738213062286375
2.8944546699523928
2.911598801612854
2.8908310890197755
2.872744917869568
2.856302523612976
2.85374755859375
2.8818753004074096
2.8811633586883545
2.8529859304428102
2.8819950819015503
2.8652506351470945
2.8810654401779177
2.848578596115112
2.8403446435928346
2.8676708698272706
2.8780442237854005
2.879668641090393
2.876582932472229
2.9048981189727785
2.85959939956665
2.853890037536621
2.8802228212356566
2.9090403079986573
2.8455078840255736
2.8630180597305297
2.862280011177063
2.9086145877838137
2.875833797454834
2.8803712368011474
2.840240740776062
2.8820013999938965
2.830102467536926
2.8361493587493896
2.890811252593994
2.8687298774719237
2.85393545627594
2.846926283836365
2.8791335821151733
2.8819321155548097
2.8991376399993896
2.8464918613433836
2.846696400642395
2.852644658088684
2.8730236530303954
2.8722716093063356
2.877590870857239
2.852553963661194
2.8307524919509888
2.8693318367004395
2.868171739578247
2.826169180870056
2.844701957702637
2.873453664779663
2.8575134754180906
2.842299962043762
2.8424599170684814
2.815069007873535
2.86401047706604
2.878801441192627
2.82245991230011
2.896976375579834
2.8406209468841555
2.846166729927063
2.8769777536392214
2.889228177070618
2.8577191829681396
2.7957278728485107
2.865537095069885
2.8821163892745973
2.896692395210266
2.8872904539108277
2.903747820854187
2.875526475906372
2.8696890592575075
2.8901990413665772
2.856529188156128
2.8296566247940063
2.8372057914733886
2.866146183013916
2.872534966468811
2.8097623586654663
2.8714614629745485
2.906558036804199
2.8936739206314086
2.8016377210617067
2.8600544929504395
2.8581564664840697
2.8966014862060545
2.9133088111877443
2.8371920585632324
2.9260165214538576
2.842205595970154
2.841014528274536
2.899745059013367
2.884412717819214
2.879168915748596
2.8606636047363283
2.924656867980957
2.8531291007995607
2.8809444189071653
2.8038564205169676
2.858130121231079
2.911329412460327
2.8907859325408936
2.8754087924957275
2.80703067779541
2.87251672744751
2.884096074104309
2.83927321434021
2.823436403274536
2.868658685684204
2.82316198348999
2.9112090826034547
2.845203423500061
2.8988528728485106
2.8258281469345095
2.9078089952468873
2.8403252601623534
2.850995922088623
2.883770704269409
2.896170473098755
2.883373665809631
2.874209761619568
2.8630004644393923
2.8748082876205445
2.867656683921814
2.8637768983840943
2.915256071090698
2.8204132080078126
2.86491117477417
2.9031339406967165
2.8503426790237425
2.8895232915878295
2.8779006481170653
2.9050420045852663
2.8989288091659544
2.8665628910064695
2.8621681451797487
2.877864718437195
2.8955798625946043
2.8521213293075562
2.884247326850891
2.885954260826111
2.853679156303406
2.860228109359741
2.8178289413452147
2.8684092283248903
2.8438206195831297
2.861026906967163
2.893208718299866
2.8572171688079835
2.8523091793060305
2.8808714628219603
2.823542046546936
2.8540645599365235
2.8290747165679933
2.830002450942993
2.8920264720916746
2.8764909744262694
2.840629529953003
2.882464647293091
2.8815377950668335
2.8709656476974486
2.8771759510040282
2.875021743774414
2.8526279449462892
2.8969835519790648
2.798284316062927
2.84109845161438
2.832148003578186
2.8857751846313477
2.863280725479126
2.860198211669922
2.894077014923096
2.842741513252258
2.874865674972534
2.906317663192749
2.836683988571167
2.827903628349304
2.8229396820068358
2.8694930553436278
2.8749757766723634
2.8410246849060057
2.8901034593582153
2.864441680908203
2.8600192070007324
2.851378154754639
2.843515729904175
2.842418336868286
2.878133749961853
2.878870415687561
2.8794140577316285
2.887997269630432
2.8662498950958253
2.8541375637054442
2.9133131980895994
2.8801671743392943
2.8551910877227784
2.887162470817566
2.8628654003143312
2.867816352844238
2.847530651092529
2.8426817417144776
2.881330633163452
2.855899286270142
2.8358187913894652
2.8316845655441285
2.8526742935180662
2.8053703546524047
2.807168388366699
2.880825710296631
2.8942973375320435
2.8802562713623048
2.877831220626831
2.8590322017669676
2.86513295173645
2.87325005531311
2.8802029371261595
2.874469017982483
2.8024865627288817
2.858100247383118
2.8870365381240846
2.8731786966323853
2.8856579542160032
2.8365112781524657
2.8227407932281494
2.8947617530822756
2.863136887550354
2.865841794013977
2.8324328660964966
2.8982129812240602
2.8538331985473633
2.8756527423858644
2.8709004163742065
2.862446355819702
2.8669894218444822
2.8818139314651487
2.885808324813843
2.8790749073028565
2.866652250289917
2.820711135864258
2.8634051084518433
2.875634455680847
2.8638349771499634
2.8335313320159914
2.894926571846008
2.8487717390060423
2.865867328643799
2.8566397428512573
2.855180525779724
2.8749794960021973
2.8558236360549927
2.8431115627288817
2.857483959197998
2.8930851221084595
2.865617609024048
2.8589499950408936
2.84975380897522
2.8518731117248537
2.856986236572266
2.8655767917633055
2.862392210960388
2.847527194023132
2.870672678947449
2.9060735940933227
2.8931657791137697
2.8286628246307375
2.8529772996902465
2.9084032773971558
2.8324559926986694
2.8256271123886108
2.8408826112747194
2.8574426651000975
2.8130298614501954
2.9197295665740968
2.87868070602417
2.850332832336426
2.8962610483169557
2.869491386413574
2.870510792732239
2.878195881843567
2.9027143239974977
2.8793574810028075
2.9087902069091798
2.87825403213501
2.875089406967163
2.8493874311447143
2.861633801460266
2.905017924308777
2.8597822904586794
2.8358877658843995
2.8640812397003175
2.8574793577194213
2.8623730182647704
2.8542958736419677
2.842463517189026
2.8636101484298706
2.8422338008880614
2.889008665084839
2.8289079427719117
2.864294242858887
2.8423898935317995
2.871904802322388
2.893297624588013
2.851529431343079
2.8659136295318604
2.855135607719421
2.8825869798660277
2.8397978067398073
2.8626163244247436
2.863800072669983
2.8599411487579345
2.8730469942092896
2.9010386943817137
2.8957371711730957
2.863691711425781
2.870112586021423
2.854546403884888
2.886469340324402
2.85914831161499
2.876027321815491
2.8320133447647096
2.882215452194214
2.868761348724365
2.8370246648788453
2.876908040046692
2.864463782310486
2.8914108991622927
2.882737731933594
2.8594886302947997
2.856110763549805
2.8752360105514527
2.8504894971847534
2.860051488876343
2.795715832710266
2.8332210063934324
2.865460157394409
2.8348145484924316
2.8599823474884034
2.8694013357162476
2.888948583602905
2.855663466453552
2.8603517532348635
2.859641671180725
2.8144623041152954
2.8585640668869017
2.8189955949783325
2.914737677574158
2.8332315921783446
2.877764916419983
2.849705767631531
2.883371901512146
2.8990422964096068
2.8350748777389527
2.8334362745285033
2.8668487548828123
2.884415936470032
2.8290565252304076
2.8727741956710817
2.8952991724014283
2.896759057044983
2.8510353803634643
2.8243866205215453
2.8739691019058227
2.8798886060714723
2.8443413019180297
2.8607255697250364
2.8290467739105223
2.8549160957336426
2.8579795360565186
2.8798765659332277
2.8572768211364745
2.8639792680740355
2.871941614151001
2.8588963031768797
2.8393922567367555
2.867136740684509
2.881328296661377
2.859221029281616
2.8838034152984617
2.8748579025268555
2.8483622789382936
2.853322243690491
2.8494362115859984
2.8554516792297364
2.8093924283981324
2.85724675655365
2.8606469869613647
2.851312208175659
2.8463465690612795
2.881346011161804
2.848874735832214
2.8560232639312746
2.8680142879486086
2.8413869380950927
2.862087869644165
2.8485730409622194
2.815997672080994
2.8579526424407957
2.8702535390853883
2.8413543939590453
2.839670944213867
2.8653659343719484
2.8801507234573362
2.876395893096924
2.865824007987976
2.8679737091064452
2.8216743230819703
2.8443544149398803
2.8528228282928465
2.8712044239044188
2.8585806369781492
2.85893452167511
2.837544393539429
2.821094822883606
2.8626121282577515
2.837946557998657
2.8723469495773317
2.869569754600525
2.853933072090149
2.898586130142212
2.8655436754226686
2.869556021690369
2.8237554311752318
2.8977126359939573
2.823989224433899
2.867068862915039
2.8705634593963625
2.8445613384246826
2.8331652879714966
2.8572418689727783
2.861322021484375
2.848538875579834
2.863641548156738
2.878091025352478
2.7913130283355714
2.8118780612945558
2.8761818408966064
2.84418363571167
2.8159372568130494
2.864076542854309
2.8352479696273805
2.8374595165252687
2.900383234024048
2.899081087112427
2.82900230884552
2.9206087589263916
2.818899631500244
2.83206684589386
2.8561668157577516
2.8239861488342286
2.8648659944534303
2.8686380863189695
2.861368179321289
2.8454425811767576
2.8196718215942385
2.8028527736663817
2.8528209686279298
2.8506186962127686
2.858863115310669
2.865149426460266
2.8806355953216554
2.814854311943054
2.8859034061431883
2.87462375164032
2.8487664699554442
2.8589834213256835
2.8480193853378295
2.8473148584365844
2.81507785320282
2.8269804954528808
2.8307090044021606
2.8868739366531373
2.8406294107437136
2.829578709602356
2.886906385421753
2.870376539230347
2.891987419128418
2.9051403045654296
2.870198059082031
2.84962637424469
2.860030937194824
2.8610547542572022
2.838769054412842
2.865907144546509
2.8252267122268675
2.8089742422103883
2.852776217460632
2.8297566175460815
2.84948046207428
2.8894781351089476
2.8767889499664308
2.8143187284469606
2.877371883392334
2.911440706253052
2.8606879711151123
2.835585355758667
2.8742292881011964
2.8667237758636475
2.830748105049133
2.8934037923812865
2.874289631843567
2.864192271232605
2.817960786819458
2.861836338043213
2.841798496246338
2.818638634681702
2.8457282304763796
2.896000385284424
2.8392039060592653
2.867001843452454
2.8746893405914307
2.871041989326477
2.8600000143051147
2.7986597299575804
2.8385684490203857
2.8847796440124513
2.872602868080139
2.8848646879196167
2.8516056060791017
2.856490731239319
2.8541823863983153
2.8666069507598877
2.8851933002471926
2.8564455986022947
2.8681872129440307
2.8707483768463136
2.822411823272705
2.868780755996704
2.832731294631958
2.8248610496520996
2.860529899597168
2.8412997484207154
2.8553237438201906
2.8905069828033447
2.878085136413574
2.8726274013519286
2.866678738594055
2.8405776739120485
2.8635602951049806
2.8223862409591676
2.8437065839767457
2.851716685295105
2.8519171237945558
2.903174066543579
2.86958703994751
2.8422017335891723
2.8460630893707277
2.837699604034424
2.8677169561386107
2.8665372848510744
2.8571640729904173
2.8253490686416627
2.8853854656219484
2.8130399703979494
2.876038980484009
2.8270549297332765
2.8863913297653196
2.8863451719284057
2.885776662826538
2.8486483812332155
2.8372441053390505
2.8540296077728273
2.8929497957229615
2.866666316986084
2.870766758918762
2.891150784492493
2.836116647720337
2.860254502296448
2.8808339118957518
2.856066036224365
2.8606424570083617
2.854018712043762
2.82803328037262
2.8060887098312377
2.8187493324279784
2.8479923248291015
2.860568571090698
2.832571005821228
2.8330721855163574
2.854638600349426
2.8402356624603273
2.9084091424942016
2.8539307832717897
2.882858943939209
2.876419520378113
2.803285837173462
2.849155640602112
2.8654627084732054
2.8251586675643923
2.8400071144104
2.861151432991028
2.825803112983704
2.869523119926453
2.8244957447052004
2.8501023292541503
2.867883253097534
2.8265471935272215
2.8671935558319093
2.831287980079651
2.8286298751831054
2.8448367595672606
2.8722464084625243
2.8251240730285643
2.798203539848328
2.8761892557144164
2.841825842857361
2.8844934940338134
2.8374639987945556
2.8903316259384155
2.8037405252456664
2.8728519439697267
2.894102931022644
2.873054051399231
2.8382394552230834
2.882112717628479
2.8462520360946657
2.8921643495559692
2.8418558120727537
2.8013638973236086
2.7920835256576537
2.849380898475647
2.7847686767578126
2.8478543758392334
2.8527265787124634
2.834116291999817
2.8521237850189207
2.8533363580703734
2.8560057163238524
2.824057388305664
2.8409977197647094
2.791962432861328
2.868190598487854
2.8982876777648925
2.847087025642395
2.8808414936065674
2.8650631666183473
2.8222402572631835
2.859319305419922
2.8480129480361938
2.878011703491211
2.868760347366333
2.8448753356933594
2.8657784461975098
2.865313005447388
2.8300841093063354
2.862186646461487
2.8744357109069822
2.817315673828125
2.838913321495056
2.8054847955703734
2.7875909090042112
2.87718243598938
2.835280513763428
2.833078479766846
2.829045867919922
2.8762194871902467
2.8243526220321655
2.8571390390396116
2.8686721563339233
2.8520483493804933
2.893979859352112
2.8089662313461305
2.823031115531921
2.8668432950973513
2.8324210405349732
2.8429445743560793
2.847890758514404
2.8579270362854006
2.8586708068847657
2.8146963834762575
2.833132767677307
2.875481653213501
2.8551393508911134
2.8286210775375364
2.880876898765564
2.8513999700546266
2.879416656494141
2.84078164100647
2.838353753089905
2.877586531639099
2.8882132530212403
2.8572672843933105
2.852230262756348
2.8427799463272097
2.8735357999801634
2.858559799194336
2.873454284667969
2.7905895471572877
2.8689623355865477
2.8522738933563234
2.8917952299118044
2.8491673469543457
2.876564884185791
2.848279356956482
2.816429948806763
2.8462513208389284
2.8581235885620115
2.8066763877868652
2.8545995473861696
2.8242998838424684
2.8731086015701295
2.830344867706299
2.8742127656936645
2.844933795928955
2.8855332136154175
2.8323919057846068
2.839291882514954
2.8638175249099733
2.8349720239639282
2.8660918712615966
2.878001832962036
2.849406433105469
2.8462493896484373
2.876082420349121
2.823307681083679
2.8475295305252075
2.847329568862915
2.8710424423217775
2.8369719266891478
2.822799468040466
2.830221152305603
2.8541089296340942
2.852880334854126
2.830037307739258
2.8364562511444094
2.836780619621277
2.8698009490966796
2.832045817375183
2.8414437532424928
2.835544157028198
2.848220443725586
2.803953766822815
2.8296900510787966
2.827278804779053
2.7987569093704225
2.8499462604522705
2.850894904136658
2.838964581489563
2.8534462690353393
2.7999000549316406
2.875923490524292
2.8562739372253416
2.8254645824432374
2.829824757575989
2.824963164329529
2.858762764930725
2.828750419616699
2.8637475252151487
2.8127788305282593
2.8678833723068236
2.9077991247177124
2.8467961311340333
2.86488254070282
2.834639859199524
2.889180850982666
2.8416476249694824
2.868959593772888
2.8172930479049683
2.8334445476531984
2.8602550506591795
2.829305362701416
2.8245029926300047
2.7679866313934327
2.8602041482925413
2.839607357978821
2.872397041320801
2.8279754638671877
2.8564225673675536
2.853630018234253
2.8581692457199095
2.8506183862686156
2.81684296131134
2.8375080108642576
2.831052136421204
2.8546411991119385
2.837019920349121
2.8776031970977782
2.853507947921753
2.8532514572143555
2.8579854726791383
2.863813376426697
2.8763790845870973
2.879068207740784
2.80785756111145
2.8566190004348755
2.845325064659119
2.8683656215667725
2.840277004241943
2.8795419931411743
2.838643741607666
2.8475666284561156
2.832670211791992
2.862884259223938
2.8490203857421874
2.8371608018875123
2.860084390640259
2.8388182401657103
2.8522970199584963
2.8484816789627074
2.8201037883758544
2.8407068252563477
2.8420700550079347
2.868816113471985
2.84088454246521
2.81525137424469
2.830427098274231
2.8276675224304197
2.8383811712265015
2.8616827726364136
2.787962532043457
2.8674896240234373
2.878345584869385
2.8567413091659546
2.8457785129547117
2.818306398391724
2.841237950325012
2.821173572540283
2.8170355796813964
2.8391384363174437
2.8385146141052244
2.846593451499939
2.8602714061737062
2.84170823097229
2.8629608392715453
2.8366345882415773
2.830196189880371
2.768591117858887
2.854866147041321
2.8713475465774536
2.8016693592071533
2.8441665172576904
2.877372121810913
2.831468200683594
2.8379296541213987
2.8536006212234497
2.8087449789047243
2.8021500587463377
2.863111734390259
2.873459243774414
2.8727932929992677
2.868343138694763
2.8735084772109984
2.8682219982147217
2.8330599784851076
2.828796887397766
2.8622516870498655
2.8677151441574096
2.8303852319717406
2.8408446073532105
2.821006345748901
2.8592482089996336
2.835052752494812
2.8234742164611815
2.813112902641296
2.8018508672714235
2.840053105354309
2.8627942562103272
2.841796088218689
2.8261274814605715
2.859531307220459
2.8662135362625123
2.8358004808425905
2.8362279653549196
2.837891364097595
2.8599472522735594
2.8317163705825807
2.8011407375335695
2.863336181640625
2.7542940855026243
2.8776600122451783
2.822392797470093
2.8491724252700807
2.8191489934921266
2.8394311666488647
2.8373770713806152
2.8177850246429443
2.809148406982422
2.829287362098694
2.818426179885864
2.8603825330734254
2.846952795982361
2.8336418151855467
2.801082134246826
2.8468220472335815
2.857639026641846
2.8610241174697877
2.8130496740341187
2.8841388463974
2.8619637489318848
2.8595404386520387
2.8396780014038088
2.866416811943054
2.8548569679260254
2.860927677154541
2.8164562702178957
2.8061309099197387
2.884217357635498
2.799453544616699
2.8271138191223146
2.8718188047409057
2.8017443418502808
2.8745344400405886
2.859040641784668
2.8355183839797973
2.7841349840164185
2.8608110189437865
2.7988733291625976
2.829595446586609
2.8191262245178224
2.836383414268494
2.8626785278320312
2.862136697769165
2.84700493812561
2.8664217948913575
2.7725207805633545
2.8384252309799196
2.8042072534561155
2.82890465259552
2.887767505645752
2.852113223075867
2.863134837150574
2.8038109064102175
2.827637028694153
2.847745108604431
2.787065887451172
2.787359356880188
2.874280309677124
2.856447696685791
2.839360785484314
2.845634341239929
2.813287377357483
2.813287043571472
2.8836634874343874
2.806997513771057
2.8742655754089355
2.8403611183166504
2.8368863344192503
2.8456313610076904
2.8068366050720215
2.8144818544387817
2.8175395011901854
2.8390127658843993
2.83463659286499
2.855634307861328
2.8444051504135133
2.8060600996017455
2.834762954711914
2.871137857437134
2.8469616651535032
2.8122510433197023
2.8158525466918944
2.845359754562378
2.8311655044555666
2.803384780883789
2.806058073043823
2.792055344581604
2.796044135093689
2.860813617706299
2.830283856391907
2.844016265869141
2.850236749649048
2.867130088806152
2.7894765853881838
2.8248541593551635
2.8041152715682984
2.8164822340011595
2.798544907569885
2.839830183982849
2.8000940322875976
2.8668372631073
2.8470698595046997
2.8751292705535887
2.8490610122680664
2.8165252447128295
2.8370898485183718
2.8355604648590087
2.7982534408569335
2.822972297668457
2.8433249473571776
2.779906892776489
2.848841643333435
2.815721607208252
2.8668350696563722
2.8368606328964234
2.814496397972107
2.8534289360046388
2.828190493583679
2.781646990776062
2.8118905305862425
2.86720871925354
2.847226357460022
2.769490098953247
2.804573822021484
2.820941138267517
2.850010871887207
2.8318260669708253
2.8167498826980593
2.8372093200683595
2.869517517089844
2.831036615371704
2.8068570613861086
2.843612217903137
2.8042977094650268
2.792200469970703
2.839799928665161
2.8525365352630616
2.844280171394348
2.8449677228927612
2.835892415046692
2.8484351873397826
2.872427487373352
2.853067088127136
2.807586169242859
2.8371238470077516
2.805793046951294
2.8043234586715697
2.8310149908065796
2.8351308584213255
2.7907615661621095
2.8388185501098633
2.8092103719711305
2.8336653232574465
2.847638463973999
2.8346314907073973
2.8101213455200194
2.833572745323181
2.8407645225524902
2.7733691453933718
2.8545048952102663
2.8386221885681153
2.828613829612732
2.833114004135132
2.8095213890075685
2.858763909339905
2.8053354024887085
2.8710283517837523
2.822186827659607
2.8184096574783326
2.739840340614319
2.832570219039917
2.851966309547424
2.732351517677307
2.8155643224716185
2.7880677223205566
2.7828858375549315
2.839897871017456
2.8077064037322996
2.8203118562698366
2.807178807258606
2.8222684383392336
2.871440958976746
2.8466101408004763
2.7517198801040648
2.8532101631164553
2.7833912849426268
2.864692211151123
2.816762638092041
2.834469962120056
2.823977017402649
2.8658789873123167
2.8441800832748414
2.788779139518738
2.851862931251526
2.8035125494003297
2.7898295640945436
2.8070322990417482
2.8268356323242188
2.7973360300064085
2.8864251613616942
2.851494383811951
2.7987306356430053
2.8027200222015383
2.8228647232055666
2.822455620765686
2.8302724838256834
2.823783612251282
2.862867593765259
2.8527177810668944
2.842993378639221
2.808970737457275
2.8300690174102785
2.8106786966323853
2.865593123435974
2.834986090660095
2.848162055015564
2.8311376333236695
2.8126709699630736
2.840017032623291
2.799795722961426
2.719405937194824
2.8241817951202393
2.860032391548157
2.840837502479553
2.8113600254058837
2.8300779819488526
2.831563353538513
2.778403306007385
2.808158826828003
2.791568636894226
2.8180606365203857
2.844367432594299
2.7422967672348024
2.8642905235290526
2.8151882171630858
2.829904627799988
2.7658608198165893
2.8296300172805786
2.822886252403259
2.8212670564651487
2.7765071868896483
2.8062296867370606
2.8518573522567747
2.7588243007659914
2.8594176292419435
2.870605802536011
2.8764073610305787
2.8040390491485594
2.782486391067505
2.850367784500122
2.7743550300598145
2.8581787586212157
2.8088932991027833
2.8082051992416384
2.7945120334625244
2.779828953742981
2.752119255065918
2.8364853620529176
2.7810548067092897
2.8545058012008666
2.8146440267562864
2.8721760749816894
2.8621971368789674
2.8136142253875733
2.757662296295166
2.8443874597549437
2.8120940923690796
2.7767271041870116
2.8773981809616087
2.8377046823501586
2.7819133043289184
2.8441159248352053
2.821677589416504
2.778174114227295
2.8579670906066896
2.813835692405701
2.7941389799118044
2.8382798433303833
2.7835154294967652
2.8239928483963013
2.8482328414916993
2.770060682296753
2.8469069719314577
2.841005778312683
2.778794026374817
2.7955941677093508
2.7837331771850584
2.879737210273743
2.7954036474227903
2.837024998664856
2.802777147293091
2.779263067245483
2.865679883956909
2.7626819372177125
2.8317384004592894
2.8194592952728272
2.8404919862747193
2.831510853767395
2.8063207387924196
2.780988001823425
2.7945109605789185
2.820872187614441
2.81364221572876
2.837489056587219
2.7996026515960692
2.8050328731536864
2.7789100408554077
2.8321300029754637
2.7782105684280394
2.8970040559768675
2.8463730335235597
2.850456380844116
2.8113468647003175
2.8004189014434813
2.8563403606414797
2.777330422401428
2.798873209953308
2.8351319551467897
2.707365608215332
2.8460480690002443
2.7696375608444215
2.8350692272186278
2.819435954093933
2.795482802391052
2.772979664802551
2.790752077102661
2.8543815135955812
2.8711933374404905
2.871463584899902
2.8313436269760133
2.8215991497039794
2.826730990409851
2.7895614862442017
2.801457142829895
2.840546989440918
2.815877342224121
2.8600871562957764
2.8300529956817626
2.7768358469009398
2.8595762968063356
2.84477756023407
2.8421996593475343
2.789656090736389
2.804277849197388
2.7785503387451174
2.811325263977051
2.817618656158447
2.7472426176071165
2.804642081260681
2.805671501159668
2.7720445871353148
2.76633882522583
2.814161467552185
2.820662093162537
2.8380040645599367
2.8127692461013796
2.7733961820602415
2.8181604862213137
2.895054483413696
2.729087209701538
2.8334230184555054
2.7994120597839354
2.784748339653015
2.795714330673218
2.813558888435364
2.8019787549972532
2.8046975135803223
2.813274359703064
2.8335651636123655
2.8175252437591554
2.8346197843551635
2.835837721824646
2.8079747438430784
2.73428270816803
2.763013458251953
2.765702509880066
2.812354063987732
2.8428166627883913
2.779795694351196
2.8547882795333863
2.8248167514801024
2.7724267721176146
2.835802507400513
2.818608212471008
2.656327152252197
2.7620856046676634
2.8159066438674927
2.847568917274475
2.8227973699569704
2.740206170082092
2.786654829978943
2.8187315702438354
2.8124105453491213
2.8561553955078125
2.7740877866744995
2.7357479333877563
2.8296288728713987
2.841911220550537
2.8011990785598755
2.8334573030471804
2.7457737922668457
2.860029458999634
2.85654616355896
2.8063105583190917
2.842816686630249
2.7311476945877073
2.816759467124939
2.652979516983032
2.809000253677368
2.8506866931915282
2.701619791984558
2.823467493057251
2.802618908882141
2.779676008224487
2.822626519203186
2.8494345426559446
2.824774241447449
2.7869977712631226
2.8545605897903443
2.860376977920532
2.781108283996582
2.7812121391296385
2.8411068439483644
2.8904006242752076
2.8007413864135744
2.7860504150390626
2.802869129180908
2.8750520944595337
2.7619582176208497
2.818070340156555
2.7878777503967287
2.832054352760315
2.907376766204834
2.769399547576904
2.8239473342895507
2.766027331352234
2.8229033946990967
2.8211968183517455
2.841429662704468
2.7480545043945312
2.8221679449081423
2.799010753631592
2.8639557361602783
2.8357721090316774
2.765180230140686
2.7140684127807617
2.707964301109314
2.8157245397567747
2.8142571687698363
2.7378784894943236
2.8262659549713134
2.752932071685791
2.8309812545776367
2.8714669227600096
2.8031371355056764
2.842542886734009
2.8096323251724242
2.8135884046554565
2.8155521869659426
2.8479204177856445
2.714000964164734
2.8634448289871215
2.813537287712097
2.822557735443115
2.844581055641174
2.8875664949417112
2.812716269493103
2.767402172088623
2.6738772630691527
2.8213931560516357
2.6999950885772703
2.7852248191833495
2.8151730060577393
2.8900137186050414
2.779703426361084
2.846987247467041
2.7406280517578123
2.7944338083267213
2.797477126121521
2.8246442794799806
2.8418453216552733
2.843460130691528
2.7740211486816406
2.7820003986358643
2.848529577255249
2.7711647510528565
2.7644161224365233
2.7556530952453615
2.7816348552703856
2.8562052726745604
2.8356964349746705
2.8030975103378295
2.814442205429077
2.78052818775177
2.772372674942017
2.769089770317078
2.808232855796814
2.8207833051681517
2.85474112033844
2.8775415658950805
2.7497606754302977
2.8768715620040894
2.8463906049728394
2.72804913520813
2.796803426742554
2.815349054336548
2.7841352939605715
2.8151998281478883
2.8281780004501345
2.82300066947937
2.8124458312988283
2.744753193855286
2.7612993717193604
2.831705188751221
2.8485490560531614
2.754711556434631
2.75267870426178
2.8292643785476685
2.804076099395752
2.796308469772339
2.8620034217834474
2.857475018501282
2.825348401069641
2.855258274078369
2.860129380226135
2.7149407625198365
2.8209965229034424
2.7600589275360106
2.8308576107025147
2.826817512512207
2.7536340236663817
2.7480780363082884
2.778970789909363
2.8203226804733275
2.814849877357483
2.8608141899108888
2.7712646961212157
2.735710549354553
2.860989713668823
2.7407534599304197
2.818031907081604
2.832673668861389
2.843068337440491
2.850380563735962
2.692871832847595
2.8289994955062867
2.7005494117736815
2.7147387742996214
2.8485221385955812
2.7593797922134398
2.841964673995972
2.7838660001754763
2.789193058013916
2.8231315851211547
2.751438617706299
2.8189131021499634
2.8505940198898316
2.85963888168335
2.810921335220337
2.7133818864822388
2.735317420959473
2.750023436546326
2.844845724105835
2.682861876487732
2.83461537361145
2.6956844329833984
2.838613986968994
2.784703755378723
2.788689923286438
2.8079407930374147
2.7858279943466187
2.799350070953369
2.6160884380340574
2.7902654647827148
2.8128058195114134
2.7639653205871584
2.77524049282074
2.8088011264801027
2.8386988401412965
2.7915897369384766
2.7668582439422607
2.733993887901306
2.621880531311035
2.8618993043899534
2.7543041706085205
2.7693886756896973
2.7416536808013916
2.7779008388519286
2.693990874290466
2.789911985397339
2.842841458320618
2.7995203495025636
2.786548042297363
2.738546109199524
2.7595046043395994
2.766620087623596
2.788901662826538
2.8457304000854493
2.7762375116348266
2.7597601890563963
2.8435513019561767
2.718856954574585
2.678861474990845
2.819170355796814
2.7576631546020507
2.8311567068099976
2.750283360481262
2.840319061279297
2.7483158111572266
2.8167752504348753
2.7252278327941895
2.8233349561691283
2.7861580848693848
2.8577080249786375
2.8223072052001954
2.7274823904037477
2.8280192852020263
2.702918004989624
2.8422211170196534
2.7612960815429686
2.850213360786438
2.7553289413452147
2.679135465621948
2.791183018684387
2.794920253753662
2.776574206352234
2.7775815963745116
2.7526201009750366
2.7627201795578005
2.8480168104171755
2.8355563163757322
2.847807025909424
2.806209349632263
2.856503438949585
2.757589554786682
2.8615912199020386
2.815288782119751
2.788751411437988
2.8359341859817504
2.759280467033386
2.708828020095825
2.8035683155059816
2.747900700569153
2.6947815895080565
2.785573053359985
2.8666648626327516
2.8291943073272705
2.7525230169296266
2.819145369529724
2.8839096069335937
2.847628378868103
2.8233357191085817
2.829671764373779
2.672595429420471
2.743512439727783
2.761810231208801
2.833527755737305
2.838921141624451
2.8690036058425905
2.7860639333724975
2.8440067052841185
2.7769835233688354
2.769963502883911
2.7300238609313965
2.8016264915466307
2.803937792778015
2.7424083948135376
2.835676884651184
2.845957612991333
2.7361525774002073
2.8262357473373414
2.8148563146591186
2.743047285079956
2.8255711078643797
2.8462833166122437
2.834483289718628
2.82035915851593
2.8287593126296997
2.7456387281417847
2.850767469406128
2.834417724609375
2.8414879560470583
2.803249192237854
2.778909111022949
2.764477801322937
2.748587703704834
2.7644716262817384
2.814417815208435
2.828218150138855
2.7271100282669067
2.723029541969299
2.8164860010147095
2.8079216957092283
2.735696721076965
2.829681968688965
2.819312071800232
2.804751086235046
2.8421438455581667
2.7956576347351074
2.7681020498275757
2.722333025932312
2.799779272079468
2.7361093282699587
2.724045014381409
2.704168677330017
2.8438411712646485
2.7889748573303224
2.821340250968933
2.7906640768051147
2.859403610229492
2.822137212753296
2.8428735733032227
2.8296629190444946
2.740937280654907
2.7278037786483766
2.7993090629577635
2.7493069648742674
2.8708208560943604
2.7394203662872316
2.7917088747024534
2.8352457523345946
2.849224901199341
2.6981289386749268
2.8103935718536377
2.7836647272109984
2.7242909908294677
2.708812928199768
2.834813451766968
2.8115100860595703
2.7742079973220823
2.824478030204773
2.762391209602356
2.512639284133911
2.76310510635376
2.743563437461853
2.8269104957580566
2.789074349403381
2.804298758506775
2.770157265663147
2.8280091524124145
2.8516258239746093
2.85286705493927
2.8086903572082518
2.8229809761047364
2.671567749977112
2.7792198419570924
2.751937985420227
2.735505771636963
2.761479115486145
2.827152061462402
2.77993791103363
2.734907865524292
2.7872732162475584
2.718537998199463
2.842541551589966
2.8119776487350463
2.827521467208862
2.741690969467163
2.793223834037781
2.634189748764038
2.8180274963378906
2.837968134880066
2.7064669132232666
2.735950779914856
2.6984973192214965
2.726110911369324
2.7663261890411377
2.7939600229263304
2.7063849210739135
2.7816775321960447
2.8307926177978517
2.801191282272339
2.7464057207107544
2.724099040031433
2.826224708557129
2.7608001708984373
2.7747414350509643
2.673423671722412
2.8012869596481322
2.748597741127014
2.7862607717514036
2.773743510246277
2.76176176071167
2.686436676979065
2.8437963008880613
2.851376748085022
2.765298867225647
2.682008743286133
2.7408616304397584
2.7291029691696167
2.7806656837463377
2.777059292793274
2.724181628227234
2.722685170173645
2.754427766799927
2.715970182418823
2.783257555961609
2.693875813484192
2.6766553640365602
2.7888876676559446
2.811571478843689
2.870028018951416
2.7704132556915284
2.814621925354004
2.859744095802307
2.6975271463394166
2.7831982374191284
2.857657957077026
2.837082290649414
2.8011983394622804
2.6909523487091063
2.8450804948806763
2.8013007640838623
2.8465296268463134
2.689340353012085
2.708677887916565
2.739061188697815
2.8528202772140503
2.704403448104858
2.7656498908996583
2.8143779039382935
2.698240780830383
2.8210956335067747
2.6903207063674928
2.806022310256958
2.8503384351730348
2.7460359811782835
2.805178475379944
2.7923148393630983
2.6735537528991697
2.7927130699157714
2.7683907032012938
2.6489109992980957
2.7159234285354614
2.7699546337127687
2.800610065460205
2.744614863395691
2.7003793239593508
2.809774398803711
2.7354592084884644
2.79816358089447
2.6833146095275877
2.6481392621994018
2.6134810209274293
2.728124570846558
2.7872009754180906
2.732040786743164
2.8086413621902464
2.6738532543182374
2.783694338798523
2.8316089153289794
2.743279790878296
2.619352698326111
2.6867781043052674
2.776323699951172
2.79661283493042
2.702808213233948
2.565242898464203
2.835574221611023
2.6947389125823973
2.8374815940856934
2.7014986515045165
2.8209412574768065
2.7666974544525145
2.752333164215088
2.6336517333984375
2.72676305770874
2.7882681846618653
2.826523756980896
2.747682046890259
2.7852157950401306
2.8001195430755614
2.8563909769058227
2.7742062330245973
2.7309967637062074
2.6975810408592222
2.8111151218414308
2.8696658849716186
2.772571563720703
2.7719207525253298
2.8324984073638917
2.833455467224121
2.808996558189392
2.748021864891052
2.816119933128357
2.6938478350639343
2.8295523166656493
2.876599645614624
2.6966317176818846
2.7795624017715452
2.6886745929718017
2.780936336517334
2.827114772796631
2.7016926527023317
2.6792219638824464
2.7873974084854125
2.656551718711853
2.7122857570648193
2.765339732170105
2.8313480615615845
2.7856641530990602
2.6556272864341737
2.7703018188476562
2.770535945892334
2.674266815185547
2.7931960821151733
2.8139071464538574
2.783298468589783
2.6877670764923094
2.741951596736908
2.787508010864258
2.7365652203559874
2.7068988561630247
2.761285638809204
2.592659056186676
2.668935441970825
2.8262246370315554
2.6639548540115356
2.6992284774780275
2.76881058216095
2.7596304655075072
2.6923332691192625
2.748266363143921
2.7356573820114134
2.7907007217407225
2.8037203550338745
2.7208672761917114
2.7253782987594604
2.5825547695159914
2.8089762210845945
2.71562340259552
2.869977355003357
2.7249818086624145
2.782274603843689
2.765469717979431
2.667715239524841
2.6958965063095093
2.831915760040283
2.6936843514442446
2.6937965869903566
2.6691288113594056
2.663748061656952
2.8541367769241335
2.616585171222687
2.7620931386947634
2.832053804397583
2.7546530246734617
2.822453999519348
2.8074177265167237
2.7760246276855467
2.746658134460449
2.771943211555481
2.7513420939445496
2.635465168952942
2.73832083940506
2.846007061004639
2.668846833705902
2.7133001685142517
2.688220798969269
2.7769253730773924
2.708069849014282
2.7110135436058043
2.7607553482055662
2.7051491498947144
2.6965105175971984
2.7875638723373415
2.7965241432189942
2.6334654808044435
2.865295076370239
2.8299870014190676
2.840839076042175
2.7999601125717164
2.815344047546387
2.8024052143096925
2.771125912666321
2.670225989818573
2.7210731863975526
2.8591527938842773
2.821497344970703
2.6870131731033324
2.677033793926239
2.786730432510376
2.745245885848999
2.828926682472229
2.799830162525177
2.747864079475403
2.6726521611213685
2.6110007047653196
2.6594663858413696
2.855975341796875
2.6495689272880556
2.770056962966919
2.838714861869812
2.722419095039368
2.71729896068573
2.806554102897644
2.643863093852997
2.8592302799224854
2.7143980264663696
2.663957977294922
2.7284470558166505
2.728593635559082
2.8616335868835447
2.82323043346405
2.749970030784607
2.8112600088119506
2.652812421321869
2.7699767351150513
2.777301549911499
2.7077340722084045
2.66104074716568
2.684827446937561
2.856352353096008
2.7367558002471926
2.7024521350860597
2.5727882504463198
2.7986483335494996
2.797515892982483
2.84974365234375
2.667607545852661
2.8619670391082765
2.698500621318817
2.7827802658081056
2.768812727928162
2.783289909362793
2.651753604412079
2.6821308612823485
2.6896297335624695
2.780074667930603
2.7248234868049623
2.8200538635253904
2.7970419406890867
2.657105040550232
2.7917963027954102
2.7416025161743165
2.8275429010391235
2.8738446474075316
2.802346682548523
2.6463044404983522
2.7226686596870424
2.6256916642189028
2.6613208055496216
2.7515862941741944
2.882861018180847
2.6479767680168154
2.743812072277069
2.8088422060012816
2.6118393182754516
2.6871585845947266
2.7663475275039673
2.8274959087371827
2.8231064558029173
2.57028614282608
2.6899852633476256
2.6780597805976867
2.693735325336456
2.7962596893310545
2.771845984458923
2.6811178088188172
2.8058042764663695
2.6557695150375364
2.825036120414734
2.5287535071372984
2.758793807029724
2.83302755355835
2.6419995069503783
2.7602434396743774
2.7937222003936766
2.85194845199585
2.6642487168312075
2.747015428543091
2.7566422820091248
2.703768622875214
2.7880785703659057
2.772681140899658
2.7895113468170165
2.6339462876319883
2.8383227825164794
2.791678524017334
2.7810356616973877
2.6308441758155823
2.6725164532661436
2.7689615964889525
2.7614014744758606
2.8182849884033203
2.551336419582367
2.667049825191498
2.6546749830245973
2.8393932580947876
2.7812387228012083
2.767934250831604
2.765123438835144
2.6831117272377014
2.6965399265289305
2.5495496869087217
2.68244411945343
2.7913389921188356
2.782702350616455
2.7424056768417358
2.5680051922798155
2.6733217597007752
2.797967720031738
2.803195834159851
2.793189215660095
2.7633920431137087
2.606911063194275
2.8376575231552126
2.8344908952713013
2.830385708808899
2.8275935888290404
2.6656995177268983
2.6400434136390687
2.804986667633057
2.648271656036377
2.7948060512542723
2.655484402179718
2.5898264408111573
2.7227739810943605
2.7085057735443114
2.7066357374191283
2.777423882484436
2.7620743036270143
2.784048891067505
2.7863588094711305
2.6609744787216187
2.677733135223389
2.7113242387771606
2.654261600971222
2.871981477737427
2.6712791442871096
2.7700605630874633
2.586708700656891
2.768549013137817
2.864613437652588
2.731856846809387
2.7356930494308473
2.737677800655365
2.6677305102348328
2.697965669631958
2.815465235710144
2.753587007522583
2.7365142583847044
2.831476163864136
2.796064329147339
2.6802245140075684
2.720156967639923
2.8784821033477783
2.7605019330978395
2.768629789352417
2.675944685935974
2.7912305116653444
2.8282546043395995
2.800043511390686
2.764758038520813
2.8038793563842774
2.7644443988800047
2.702198696136475
2.6551663994789125
2.6327536344528197
2.704933023452759
2.7995666742324827
2.6569278120994566
2.7838617324829102
2.808332085609436
2.826928210258484
2.8258413791656496
2.7873443365097046
2.6976883888244627
2.7139862537384034
2.784410834312439
2.7827539443969727
2.809145426750183
2.8000269412994383
2.594416856765747
2.725100564956665
2.681890535354614
2.4065157055854796
2.692509615421295
2.79779167175293
2.5198336362838747
2.642542779445648
2.7464941501617433
2.5750939011573792
2.803310751914978
2.801029634475708
2.576375436782837
2.766557049751282
2.362822961807251
2.681077539920807
2.6251257181167604
2.7527192354202272
2.7570556640625
2.801494908332825
2.693004035949707
2.565214681625366
2.746465492248535
2.596693420410156
2.6283537983894347
2.7581830263137816
2.683218550682068
2.741071176528931
2.777742123603821
2.814804530143738
2.757180690765381
2.7693856716156007
2.6831101894378664
2.761806273460388
2.643436646461487
2.6453411102294924
2.7987142324447634
2.774653172492981
2.6297332882881164
2.7607802629470823
2.5268738150596617
2.7034746766090394
2.5575061559677126
2.774517297744751
2.63050639629364
2.699292612075806
2.6363465070724486
2.604985702037811
2.6844792008399962
2.78748779296875
2.82754647731781
2.862817883491516
2.696877181529999
2.610271763801575
2.71104097366333
2.723527503013611
2.7846683740615843
2.6794249653816222
2.591660904884338
2.6454349160194397
2.737257242202759
2.816177415847778
2.7242852449417114
2.653119695186615
2.7569004774093626
2.7339622259140013
2.7603826761245727
2.8155295133590696
2.779783821105957
2.81625714302063
2.643635642528534
2.8098340749740602
2.6229504227638243
2.7728645324707033
2.7818862915039064
2.814887762069702
2.8360273122787474
2.7594248771667482
2.8011585235595704
2.7281137704849243
2.774448537826538
2.770700550079346
2.688429856300354
2.5417890548706055
2.7400906085968018
2.7314666986465452
2.6403067827224733
2.7303531646728514
2.7148642539978027
2.844147539138794
2.595760536193848
2.688620090484619
2.75985472202301
2.6391477823257445
2.770846629142761
2.6102333188056948
2.5836358785629274
2.8146179914474487
2.809410333633423
2.766448211669922
2.750820183753967
2.8391206741333006
2.691231036186218
2.819783854484558
2.714542067050934
2.7898197174072266
2.553572142124176
2.808706283569336
2.7810471773147585
2.4738582611083983
2.639622485637665
2.654713487625122
2.7560070514678956
2.7190553188323974
2.6513916850090027
2.7513113737106325
2.7504007816314697
2.618137037754059
2.81040244102478
2.3341457843780518
2.628887355327606
2.7815653562545775
2.7637909173965456
2.544391357898712
2.7527904510498047
2.6522906541824343
2.3770097851753236
2.784559178352356
2.696921372413635
2.760009264945984
2.739710879325867
2.5999438524246217
2.7190582752227783
2.7575475931167603
2.7133491396903993
2.6712799429893495
2.730658805370331
2.6982911586761475
2.502890133857727
2.534484839439392
2.6554411888122558
2.75045850276947
2.845338463783264
2.8134406566619874
2.794090175628662
2.524846625328064
2.78516001701355
2.5224108934402465
2.7921324491500856
2.477309465408325
2.637555408477783
2.612922656536102
2.783792591094971
2.5767348766326905
2.4829956769943236
2.5406900525093077
2.7620572328567503
2.8303927898406984
2.8216810703277586
2.6706307411193846
2.8239315509796143
2.607193660736084
2.659670829772949
2.769041347503662
2.7266932487487794
2.808164930343628
2.72031307220459
2.7335466623306273
2.874731516838074
2.6084622740745544
2.639156937599182
2.6515371322631838
2.7844510793685915
2.6604440331459047
2.8162187337875366
2.4538853764533997
2.5991111636161803
2.8243300199508665
2.7750551462173463
2.326339292526245
2.830527687072754
2.8059333324432374
2.8350013256073
2.6665687680244448
2.8467803716659548
2.8401553869247436
2.705760359764099
2.608319878578186
2.58666307926178
2.6712448358535767
2.6177213311195375
2.494000327587128
2.5155797600746155
2.754791522026062
2.6569546461105347
2.7816547393798827
2.787026309967041
2.7980161190032957
2.479204201698303
2.7233618021011354
2.7175653696060182
2.7657920360565185
2.7808562755584716
2.7352867603302
2.7569710493087767
2.767617869377136
2.7252822160720824
2.7275340080261232
2.679695117473602
2.807024931907654
2.7574944734573363
2.740904760360718
2.7545716524124146
2.7079141974449157
2.645291781425476
2.7157801151275636
2.7362825155258177
2.7034783124923707
2.6902184009552004
2.4415008425712585
2.782365822792053
2.5919578790664675
2.739070749282837
2.625903010368347
2.6112645983695986
2.7324636936187745
2.8232409954071045
2.681105387210846
2.6873260259628298
2.768875503540039
2.6271523356437685
2.700959253311157
2.74317581653595
2.7785914182662963
2.740900731086731
2.780374622344971
2.6030235290527344
2.7189462423324584
2.6906032800674438
2.5810924649238585
2.7526423215866087
2.6967334032058714
2.7203988790512086
2.821398687362671
2.6593621253967283
2.5535155653953554
2.6302921533584596
2.6993186235427857
2.633242678642273
2.5702307343482973
2.745743989944458
2.3308639883995057
2.4754071712493895
2.7466992378234862
2.6817893981933594
2.7826358556747435
2.7120296001434325
2.64494332075119
2.6470392107963563
2.8073415994644164
2.670335817337036
2.771192479133606
2.565851354598999
2.765949535369873
2.727484846115112
2.7817907333374023
2.6424317359924316
2.5329926371574403
2.6564759492874144
2.748266506195068
2.628618669509888
2.62702339887619
2.7339121103286743
2.5766510486602785
2.7125550508499146
2.78174033164978
2.7585329532623293
2.5976240396499635
2.784312629699707
2.704859364032745
2.7350600957870483
2.5491378784179686
2.6972570180892945
2.5346566915512083
2.7915027379989623
2.6669694066047667
2.584779942035675
2.5926677227020263
2.7555105447769166
2.6572424292564394
2.718042993545532
2.7563032865524293
2.720354700088501
2.7860098838806153
2.5894410371780396
2.7120398044586183
2.624260866641998
2.7736612796783446
2.7782845497131348
2.6846328020095824
2.6502050042152403
2.68947548866272
2.618468177318573
2.677305293083191
2.743811321258545
2.6012245535850527
2.7813353538513184
2.7660947322845457
2.6114678025245666
2.7267696619033814
2.7635177850723265
2.6780049443244933
2.7448994398117064
2.7124244928359986
2.7430548906326293
2.74803740978241
2.765274477005005
2.7546820640563965
2.8089681386947634
2.785582447052002
2.7220601081848144
2.8171938180923464
2.54869726896286
2.648345708847046
2.7482791423797606
2.582681047916412
2.6793935298919678
2.6631353378295897
2.7551724195480345
2.716467595100403
2.4803091049194337
2.788095760345459
2.779000186920166
2.778830122947693
2.7153407096862794
2.75070583820343
2.7677545309066773
2.79068808555603
2.5786704063415526
2.725583076477051
2.826104259490967
2.736045074462891
2.6438993215560913
2.5661997199058533
2.7953789710998533
2.6507691740989685
2.6672025442123415
2.5488460183143617
2.555366110801697
2.7617208480834963
2.738578510284424
2.7802733421325683
2.555860364437103
2.7543789863586428
2.7476789951324463
2.794969844818115
2.575222873687744
2.792271113395691
2.6307683110237123
2.6724880814552305
2.8091382503509523
2.6998632192611693
2.6748353242874146
2.383490335941315
2.5334413766860964
2.582089877128601
2.7549378156661986
2.691474175453186
2.7289899587631226
2.8402342796325684
2.7655229568481445
2.6818131685256956
2.658979296684265
2.7435806035995483
2.797100234031677
2.676495814323425
2.744273138046265
2.554424250125885
2.769338846206665
2.867384433746338
2.689090895652771
2.6530088663101195
2.5329370737075805
2.664154314994812
2.7353114604949953
2.7641510725021363
2.8035298347473145
2.620042622089386
2.7876558780670164
2.5985251665115356
2.733637046813965
2.7446704626083376
2.569478964805603
2.7033740043640138
2.731008696556091
2.755956768989563
2.586547815799713
2.7985037088394167
2.6769262075424196
2.497767436504364
2.789893627166748
2.6272093176841738
2.787400412559509
2.8382699489593506
2.7838611125946047
2.744205689430237
2.5883360385894774
2.6933136224746703
2.666172456741333
2.550839126110077
2.792410898208618
2.7750683069229125
2.7936832189559935
2.690983605384827
2.693879985809326
2.673018729686737
2.748931813240051
2.68834969997406
2.6462181329727175
2.881341886520386
2.787109923362732
2.737371397018433
2.50834664106369
2.5491734743118286
2.4510297179222107
2.7420147895812987
2.779011297225952
2.6619760274887083
2.69965398311615
2.6868722438812256
2.760618710517883
2.8181619167327883
2.7252872228622436
2.787800359725952
2.665410375595093
2.724732756614685
2.704228901863098
2.776072597503662
2.736368274688721
2.6788092374801638
2.7619068145751955
2.6999749183654784
2.6649194955825806
2.4356507539749144
2.760601830482483
2.6155012130737303
2.7235666036605837
2.6966981172561644
2.7424022912979127
2.7999773025512695
2.7333189249038696
2.6776456117630003
2.7385183811187743
2.8010151624679565
2.708337116241455
2.6651897072792052
2.610775852203369
2.732412052154541
2.7824748754501343
2.7616841793060303
2.6299278497695924
2.7460758686065674
2.5532891392707824
2.770476245880127
2.7932807922363283
2.8265657901763914
2.700494122505188
2.6887316703796387
2.7162256240844727
2.6197774529457094
2.5653290033340452
2.7062861204147337
2.708169865608215
2.783822774887085
2.6907253742218016
2.6406163215637206
2.4933332562446595
2.481064331531525
2.714390516281128
2.5342822670936584
2.683449912071228
2.739607095718384
2.4867113828659058
2.545068085193634
2.5336691975593566
2.6444286346435546
2.6870662450790403
2.5103997707366945
2.7734511375427244
2.5744593739509583
2.3748459339141847
2.5159558176994326
2.587486720085144
2.6388421058654785
2.578857386112213
2.80197217464447
2.5702451944351195
2.5158671379089355
2.7603750467300414
2.5495137333869935
2.5378312945365904
2.6743306636810305
2.6686397075653074
2.7298858642578123
2.6777092695236204
2.6206570982933046
2.6752474308013916
2.587294113636017
2.567339837551117
2.7209184885025026
2.718040442466736
2.718182909488678
2.5561802625656127
2.8130243539810182
2.5052800297737123
2.616572880744934
2.6403422594070434
2.7465121746063232
2.7374462366104124
2.6176202058792115
2.456057143211365
2.2814786076545714
2.769433856010437
2.5273678064346314
2.5000152945518495
2.72689836025238
2.6798330307006837
2.6052319049835204
2.6173662662506105
2.663675594329834
2.7487625598907472
2.71175502538681
2.761871814727783
2.3903850078582765
2.5742979049682617
2.892240786552429
2.581630754470825
2.520666944980621
2.536583399772644
2.7711037158966065
2.5359685897827147
2.684596037864685
2.715724563598633
2.8739800691604613
2.7151119470596314
2.7125447750091554
2.5794541597366334
2.6569135665893553
2.2000367283821105
2.6854409694671633
2.7236241579055784
2.6354057788848877
2.426758849620819
2.66067054271698
2.5703209757804872
2.5995294570922853
2.537244725227356
2.627525973320007
2.790668487548828
2.4900141835212706
2.698012375831604
2.717270541191101
2.5445255637168884
2.6185630559921265
2.766906762123108
2.5431185603141784
2.6122251629829405
2.7160371780395507
2.5706947088241576
2.8524836540222167
2.6885226726531983
2.6994788646698
2.734715390205383
2.7048009872436523
2.759218454360962
2.3236548781394957
2.6632017374038695
2.5190529823303223
2.4737687945365905
2.603335404396057
2.7609123468399046
2.7249992370605467
2.851583790779114
2.499945819377899
2.7658276081085207
2.7263657093048095
2.7345157623291017
2.695989489555359
2.6338065385818483
2.681142473220825
2.6455462694168093
2.789548468589783
2.5602237224578857
2.5704689502716063
2.576137566566467
2.4869144797325133
2.760826277732849
2.6259941697120666
2.564840590953827
2.6578023195266725
2.6434222221374513
2.7735585927963258
2.5042417645454407
2.675367498397827
2.674441432952881
2.620781993865967
2.379994010925293
2.571235251426697
2.6737778186798096
2.5295811176300047
2.6574655532836915
2.8411097526550293
2.790939974784851
2.391408586502075
2.78650107383728
2.528864800930023
2.313996744155884
2.5731239795684813
2.6629412174224854
2.554799568653107
2.649838316440582
2.467788016796112
2.5700828790664674
2.5479096293449404
2.7387003898620605
2.5719764947891237
2.7279143571853637
2.77587206363678
2.739587497711182
2.5773717880249025
2.670239472389221
2.4977256655693054
2.3966535925865173
2.4697199702262878
2.7265154838562013
2.392527723312378
2.7563316106796263
2.533961057662964
2.7483147382736206
2.7223257303237913
2.6457671880722047
2.7855499029159545
2.788571810722351
2.5357198238372805
2.768617534637451
2.5920304536819456
2.667361116409302
2.7270894765853884
2.6400539875030518
2.609038758277893
2.2077635884284974
2.641426420211792
2.709721577167511
2.442360317707062
2.6063236594200134
2.7042940139770506
2.6399799823760985
2.5356826782226562
2.5724719405174254
2.790548086166382
2.6913211226463316
2.8701728343963624
2.711638307571411
2.760242462158203
2.5606196403503416
2.8816002130508425
2.6289790868759155
2.8322883367538454
2.621353197097778
2.5365337133407593
2.8700599193573
2.7187322616577148
2.6531732082366943
2.595294177532196
2.5511587619781495
2.525434112548828
2.654431676864624
2.691552686691284
2.7893738985061645
2.431524157524109
2.786406707763672
2.6269606351852417
2.7426225185394286
2.724883723258972
2.700174164772034
2.6387534379959106
2.3230525732040403
2.431234872341156
2.7191196203231813
2.6719496726989744
2.7170639514923094
2.8049231290817263
2.637445068359375
2.7076184272766115
2.672228491306305
2.5037277936935425
2.6897040605545044
2.7370896339416504
2.4331182479858398
2.6094232559204102
2.6184661865234373
2.657078218460083
2.485847234725952
2.632439661026001
2.7085259675979616
2.2556173324584963
2.6442474722862244
2.551447403430939
2.622380721569061
2.644416260719299
2.7232261180877684
2.4857592225074767
2.6863184452056883
2.6131468176841737
2.60106098651886
2.612436890602112
2.6836251258850097
2.6274747610092164
2.625664234161377
2.7056359529495237
2.699477291107178
2.5596489191055296
2.650665354728699
2.6892420053482056
2.6635780572891234
2.438503646850586
2.6785781383514404
2.3990285634994506
2.636966371536255
2.3744120597839355
2.319156992435455
2.5621771574020387
2.752196764945984
2.5974925756454468
2.750321555137634
2.5720753908157348
2.6603050947189333
2.477977991104126
2.3313655495643615
2.8657447338104247
2.7784908294677733
2.6567243337631226
2.563628387451172
2.7672248125076293
2.7638898372650145
2.686283230781555
2.5957500100135804
2.2384209752082826
2.5019964575767517
2.4329304099082947
2.489722466468811
2.727282929420471
2.739049553871155
2.4703756093978884
2.653312110900879
2.646345353126526
2.5958094358444215
2.656332015991211
2.789597988128662
2.6187249183654786
2.617348539829254
2.540048289299011
2.6050867557525637
2.648789477348328
2.653664994239807
2.620918607711792
2.6790520429611204
2.5786356329917908
2.6528589129447937
2.574842643737793
2.574533152580261
2.4396203756332397
2.525310516357422
2.6758013486862184
2.653736424446106
2.2694851875305178
2.666177749633789
2.7700592994689943
2.6447924375534058
2.85423264503479
2.566231596469879
2.734832739830017
2.7231106042861937
2.3973968744277956
2.736398458480835
2.769701838493347
2.736971139907837
2.8209784507751463
2.570714259147644
2.6023403882980345
2.291998529434204
2.6158903360366823
2.509495186805725
2.398057758808136
2.577054166793823
2.6195574760437013
2.5964684009552004
2.3675795078277586
2.5263828873634337
2.507464051246643
2.7054174900054933
2.6821237087249754
2.5564104318618774
2.7173016548156737
2.569062578678131
2.7173402070999146
2.525278294086456
2.2963309407234194
2.6976336240768433
2.7647122383117675
2.648057723045349
2.549070143699646
2.638904666900635
2.568250870704651
2.6877721786499023
2.5220924496650694
2.3730645537376405
2.36557776927948
2.6959811210632325
2.650318169593811
2.7182694911956786
2.5718070030212403
2.530080425739288
2.6688251972198485
2.3869281888008116
2.6732123613357546
2.680688762664795
2.613387429714203
2.4507110118865967
2.885172891616821
2.6899722099304197
2.718895602226257
2.609356141090393
2.7345179319381714
2.907075834274292
2.6144619226455688
2.6996124982833862
2.6572335243225096
2.681018042564392
2.6191834926605226
2.7303583145141603
2.7582164883613585
2.610935115814209
2.558341372013092
2.6173458814620973
2.5801148533821108
2.717476797103882
2.693501424789429
2.313112211227417
2.557304787635803
2.744437503814697
2.7371268033981324
2.5374318838119505
2.5694417476654055
2.417664182186127
2.6366804122924803
2.571575736999512
2.6135940074920656
2.487323260307312
2.740967130661011
2.429301917552948
2.433323633670807
2.7725998640060423
2.557910704612732
2.6810099840164185
2.578670787811279
2.362429440021515
2.7424784183502195
2.6484055042266847
2.7668675422668456
2.4009037375450135
2.66084144115448
2.349183130264282
2.50142639875412
2.431994843482971
2.5764785766601563
2.7060054302215577
2.69162974357605
2.664320373535156
2.337267255783081
2.7453922271728515
2.426487851142883
2.669239377975464
2.6750659465789797
2.63310706615448
2.4585821509361265
2.5484617948532104
2.561071348190308
2.590160048007965
2.6476248502731323
2.4224433422088625
2.6478803873062136
2.609025573730469
2.447725033760071
2.6655544519424437
2.676586222648621
2.536110258102417
2.5356849670410155
2.7101338386535643
2.537771129608154
2.6722188234329223
2.3277047634124757
2.3728700995445253
2.3038571953773497
2.144237196445465
2.5431081771850588
2.679042029380798
2.5290828704833985
2.728136157989502
2.642080855369568
2.677959704399109
2.6150981903076174
2.768301320075989
2.4316217064857484
2.668270206451416
2.465495252609253
2.6111188888549806
2.312752389907837
2.5956788063049316
2.568829524517059
2.6440711975097657
2.7713297843933105
2.4032012939453127
2.1892882585525513
2.633484959602356
2.463544821739197
2.7486347436904905
2.606699860095978
2.4264100074768065
2.7829296827316283
2.573895287513733
2.438969278335571
2.5339186549186707
2.7305447816848756
2.3053032517433167
2.5014883279800415
2.6512844562530518
2.69952507019043
2.684455418586731
2.591973841190338
2.6233502626419067
2.5346463918685913
2.3100476264953613
2.5159156918525696
2.7248460054397583
2.7621651172637938
2.768828201293945
2.5139405608177183
2.5998440623283385
2.6652488350868224
2.689596486091614
2.5554970264434815
2.67939932346344
2.6531471252441405
2.5696418046951295
2.25717511177063
2.9932201147079467
2.4968002319335936
2.6104827642440798
2.62610445022583
2.6535978078842164
2.5408305048942568
2.103722941875458
2.7377061367034914
2.760076308250427
2.599084162712097
2.6302040338516237
2.676121163368225
2.457476031780243
2.6467427253723144
2.5472938776016236
2.5284278631210326
2.5264482259750367
2.290048897266388
2.4149686336517333
2.6798266649246214
2.629832053184509
2.762442183494568
2.258722710609436
2.7039083003997804
2.497492229938507
2.763586139678955
2.3693527936935426
2.552027153968811
2.698863410949707
2.5499989986419678
2.5786182641983033
2.49232474565506
2.5131800413131713
2.598748254776001
2.5895574629306792
2.5151556730270386
2.59586238861084
2.59937299489975
2.6336508274078367
2.80209903717041
2.573396325111389
2.655220150947571
2.595204973220825
2.5782162308692933
2.5587677717208863
2.5622805833816527
2.457055592536926
2.80775933265686
2.465251398086548
2.4659672379493713
2.830722451210022
2.702378582954407
2.513498044013977
2.508707785606384
2.7113725900650025
2.531774950027466
2.6880672097206117
2.7218115091323853
2.537664568424225
2.334235405921936
2.566805696487427
2.72855658531189
2.685861325263977
2.380866813659668
2.628851628303528
2.6293866872787475
2.5429256439208983
2.7055448293685913
2.860899019241333
2.581419312953949
2.4962385177612303
2.378877544403076
2.6713345527648924
2.5092997193336486
2.602450728416443
2.8780683994293215
2.6457733154296874
2.5738360404968263
2.6274723052978515
2.3958410024642944
2.718756628036499
2.6132333993911745
2.5747370958328246
2.556429159641266
2.6858212471008303
2.5294366478919983
2.2909611821174622
2.597397482395172
2.505556857585907
2.4801233768463136
2.418944942951202
2.4684511542320253
2.5172107577323914
2.672422671318054
2.6228573441505434
2.416919803619385
2.6037953972816466
2.6144207954406737
2.6110233426094056
2.645663523674011
2.495817685127258
2.7893141746520995
2.726395869255066
2.4840001821517945
2.4772791862487793
2.7730831861495973
2.503923165798187
2.6891557097435
2.5475162744522093
2.532935094833374
2.4956403732299806
2.559355092048645
2.45972101688385
2.5889549255371094
2.382024145126343
2.1815630435943603
2.568833363056183
2.569494378566742
2.5970696926116945
2.6417602777481077
2.905501961708069
2.6675066709518434
2.470328986644745
2.5994128465652464
2.900620722770691
2.6458261013031006
2.639594793319702
2.442731785774231
2.2867968797683718
2.465201699733734
2.596147882938385
2.3393866777420045
2.6424614429473876
2.570435667037964
2.1514965295791626
2.624830436706543
2.4731867909431458
2.853868818283081
2.817275285720825
2.6401854276657106
2.513173794746399
2.2445488810539245
2.6918968677520754
2.7745891332626345
2.361385327577591
2.6498768806457518
2.698123264312744
2.6780495643615723
2.7418071031570435
2.287208592891693
2.5505459547042846
2.5403623819351195
2.279962557554245
2.683947706222534
2.3300729274749754
2.6273763179779053
2.6523349046707154
2.457866072654724
2.668014460802078
2.4865459322929384
2.5279996156692506
2.4924169421195983
2.4311394453048707
2.3084092497825623
2.6004215478897095
2.533609414100647
2.6910335302352903
2.873551630973816
2.438322651386261
2.4847149789333343
2.4980216145515444
2.7126397371292112
2.5476350367069243
2.7371699094772337
2.6885751247406007
2.5967933893203736
2.8820804595947265
2.774081587791443
2.623637992143631
2.603013586997986
2.559086775779724
2.7225481510162353
2.751608872413635
2.4879292488098144
2.5871262311935426
2.315021336078644
2.6097527027130125
2.3864156365394593
2.222189450263977
2.6595075845718386
2.817631793022156
2.332500529289246
2.2428610563278197
1.988129687309265
2.6110982060432435
2.6605648756027223
2.4057047367095947
2.2933044254779817
2.533034509420395
2.5048992395401
2.574138569831848
2.6066843271255493
2.6131137669086457
2.711261260509491
2.5904167890548706
2.3936347901821136
2.4761450707912447
2.5599282145500184
2.264594793319702
2.421849620342255
2.8310879468917847
2.4373835802078245
2.785927963256836
2.6858098983764647
2.4890395522117617
2.5947192192077635
2.5337146520614624
2.1531619131565094
2.361826461553574
2.6510018825531008
2.3555964708328245
2.5305561900138853
2.5511396884918214
2.5468344509601595
2.505566453933716
2.465711086988449
2.2104961037635804
2.7061409950256348
2.567526626586914
2.417274707555771
2.615513467788696
2.4597591698169707
2.7325307607650755
2.727076005935669
2.597301256656647
2.3570885062217712
2.6622233986854553
2.7125391721725465
2.503587543964386
2.2865395486354827
2.6482931852340696
2.51928334236145
2.521688789129257
2.5763099431991576
2.4622098922729494
2.3974592685699463
2.60110542178154
2.5886504888534545
2.4701595067977906
2.3950386524200438
2.500608187913895
2.234492379426956
2.8459630489349363
2.4002813339233398
2.6252597093582155
2.6556164741516115
2.6856010258197784
2.6266141891479493
2.729048991203308
2.644844138622284
2.4847811818122865
2.7351119995117186
2.6773436665534973
2.445113718509674
2.669416058063507
2.6574727058410645
2.509238803386688
2.5123186886310576
2.6324352622032166
2.62154541015625
2.43178471326828
2.6836770296096804
2.722991180419922
2.5190942883491516
2.5563197016716
2.5870930194854735
2.5858555912971495
2.5695433735847475
2.302392578125
2.651872491836548
2.534059834480286
2.7034484148025513
2.543366861343384
2.3394994735717773
2.6089010000228883
2.4799215137958526
2.6894636392593383
2.5076840996742247
2.6427258133888243
2.4142422437667848
2.5424174547195433
2.290006470680237
2.6064428329467773
2.36350594162941
2.3732070863246917
2.7545206427574156
2.8133747458457945
2.1530307829380035
2.2642019212245943
2.3948297798633575
2.40969597697258
2.6359578013420104
2.768597435951233
2.5278085350990294
2.7592125654220583
2.4519446730613708
2.5790595531463625
2.2350658237934113
2.5334933519363405
2.6986541986465453
2.671049380302429
2.473301041126251
2.7083943843841554
2.7720943331718444
2.4544304072856904
2.724696946144104
2.5284409284591676
2.5493136405944825
2.2649718165397643
2.658075189590454
2.325637584924698
2.65738582611084
2.5450732946395873
2.6289819478988647
2.1154096961021422
2.5598867654800417
2.5868717193603517
2.6432900011539457
2.6439082503318785
2.6367293119430544
2.646152138710022
2.409745514392853
2.564157873392105
2.724391961097717
2.3559252500534056
2.5329559564590456
2.4728496789932253
2.413160836696625
2.328180956840515
2.510027253627777
2.644586133956909
2.690441370010376
2.579608178138733
2.704982805252075
2.215730440616608
2.285141909122467
2.587382125854492
2.276063871383667
2.53491325378418
2.5839736342430113
2.464588242769241
2.603254961967468
2.7620533227920534
2.6744186878204346
2.497747278213501
2.2967213332653045
2.2251420378685
2.4778347969055177
2.534726595878601
2.540774571895599
2.550097244977951
2.5707859456539155
2.698204016685486
2.349585998058319
2.4180292785167694
2.2104620754718782
2.4984456062316895
2.5301679611206054
2.631040906906128
2.3356784880161285
2.529291105270386
2.173363411426544
2.3229077458381653
2.3265295207500456
2.5753849148750305
2.4882015943527223
2.550454193353653
2.649953746795654
2.515402603149414
2.6343074202537538
2.6051663398742675
2.20881524682045
2.7330232858657837
2.6172109484672545
2.4924619436264037
2.686062741279602
2.434991180896759
2.657138967514038
2.324232506752014
2.4434025287628174
2.5655667543411256
2.431718277931213
2.2732917249202726
2.658070683479309
2.5697245836257934
2.557539200782776
2.559974491596222
2.569789373874664
2.738578534126282
2.54686576128006
2.444292402267456
2.5878825187683105
2.2664422273635862
2.5737655639648436
2.5048081159591673
2.5323701739311217
2.5238258719444273
2.3546184062957765
2.397509586811066
2.398837387561798
2.583636999130249
2.608620274066925
2.553243565559387
2.621798408031464
2.542425847053528
2.4964492440223696
2.6669180631637572
2.721469688415527
2.6246936440467836
2.4327229261398315
2.5239718914031983
2.437832498550415
2.4311059951782226
2.577239489555359
2.6864481210708617
2.794031834602356
2.701871120929718
2.513314628601074
2.5450437307357787
2.338277530670166
2.5280484437942503
2.3269670844078063
2.4439888477325438
2.506408083438873
2.5072654128074645
2.4077161073684694
2.4918732166290285
2.2989898443222048
2.4514150738716127
2.5315728425979613
2.666473317146301
2.462491762638092
2.411363112926483
2.601677393913269
2.4561133980751038
2.4536880016326905
2.4840127825737
2.508354640007019
2.485392689704895
2.5122705340385436
2.455435335636139
2.5747638821601866
2.57382470369339
2.351730132102966
2.7113526344299315
2.491059899330139
2.662075090408325
2.591634750366211
2.6134508848190308
2.384376585483551
2.2699803829193117
2.661989617347717
2.3043307304382323
2.5271655917167664
2.667622244358063
2.7372761011123656
2.29427627325058
2.2440606236457823
2.4045940041542053
2.4269487380981447
2.4137831807136534
2.4763015627861025
2.512302815914154
2.4541163206100465
2.5604276061058044
2.25790798664093
2.492998731136322
2.695593070983887
2.6280209541320803
2.5788219928741456
2.639930009841919
2.340554642677307
2.383464312553406
2.5141544580459594
2.8533457040786745
2.699407863616943
2.505014431476593
2.7508938670158387
2.571940302848816
2.484105908870697
2.4915698289871218
2.6089956164360046
2.4973744630813597
2.328096604347229
2.504176306724548
2.3044246196746827
2.6402319192886354
2.454697859287262
2.613083612918854
2.6244925379753115
2.1934872031211854
2.329087960720062
2.3308799028396607
2.6433186292648316
2.166935849189758
2.4705222606658936
2.5279845237731933
2.4222644567489624
2.405593287944794
2.5118374586105348
2.6307968616485597
2.461167633533478
2.6111740589141847
2.661480116844177
2.530196154117584
2.5621850728988647
2.388197457790375
2.6523407340049743
2.389224421977997
2.5668737649917603
2.7950814008712768
2.304963779449463
2.5420972108840942
2.4814167261123656
2.66159508228302
2.380840170383453
2.394592988491058
2.7659381866455077
2.5684628963470457
2.700306034088135
2.321676754951477
2.5506598234176634
2.6084957242012026
2.405258798599243
2.5477489948272707
2.3404625177383425
2.6244804501533507
2.3314509749412538
2.3823197722434997
2.3404111862182617
2.4371397495269775
2.1041099667549132
2.577694869041443
2.6499900817871094
2.8170246362686155
2.70700763463974
2.4888959169387816
2.2464073061943055
2.663122296333313
2.45485121011734
2.5219600677490233
2.4394806385040284
2.394887626171112
2.745561671257019
2.4917307138442992
2.4835795879364015
2.377139985561371
2.6463178277015684
2.4671792864799498
2.5734129428863524
2.7055327892303467
2.28922837972641
2.3228861927986144
2.4622366189956666
2.631862461566925
2.4065473556518553
2.5923452615737914
2.5194567680358886
2.471209889650345
2.497902774810791
2.463287317752838
2.5009664714336397
2.378365916013718
2.4772316336631777
2.5691454648971557
2.478294885158539
2.7633233785629274
2.274550122022629
2.5083019614219664
2.5654115080833435
2.5471283197402954
2.3545247197151182
2.7423965454101564
2.2454992473125457
2.3090203166007996
2.456331503391266
2.486417055130005
2.5744690895080566
2.3890974521636963
2.356140339374542
2.3172251999378206
2.5880851984024047
2.5965664267539976
2.4637440145015717
2.5193110942840575
2.426983731985092
2.6681695699691774
2.239766979217529
2.592661511898041
2.633331906795502
2.490006518363953
2.4601567685604095
2.3144554018974306
2.3953794181346892
2.4377226531505585
2.372555112838745
2.3343707501888273
2.4623500168323518
2.287875199317932
2.492111611366272
2.459139621257782
2.3512020349502563
2.7539435148239138
2.6223734855651855
2.4926324844360352
2.3437825441360474
2.48917133808136
2.4087042212486267
2.462747502326965
2.2614763975143433
2.17442409992218
2.626400518417358
2.6577749490737914
2.4490983128547668
2.671682333946228
2.3947203695774077
2.312080442905426
2.432525873184204
2.5427356600761413
2.774159252643585
2.6033358216285705
2.5496493101119997
2.170643836259842
2.711703670024872
2.3870797872543337
2.1604180872440337
2.4351495265960694
2.298657423257828
2.527508890628815
2.4851442337036134
2.5237260341644285
2.684431564807892
2.6772378206253054
2.797690325975418
2.2907742619514466
2.1603422105312347
2.072782599925995
2.306123787164688
2.192080634832382
2.407737123966217
2.6000799894332887
2.602058732509613
2.5948071002960207
2.6918481826782226
2.623072934150696
2.493820142745972
2.49572514295578
2.520819091796875
2.7458567380905152
2.516798210144043
2.5645785570144652
2.347973108291626
2.532120817899704
2.6700203657150268
2.23985493183136
2.3471069633960724
2.5135573387145995
2.25419944524765
2.447546052932739
2.500851559638977
2.412379205226898
2.4127335429191588
2.2103270292282104
2.666096329689026
2.6310747146606444
2.55723774433136
2.6049278676509857
2.2240771651268005
2.5763366341590883
2.6600972175598145
2.6969141244888304
2.7247316360473635
2.2371045351028442
2.3344066441059113
2.6808408737182616
2.2808246970176698
2.4107033014297485
2.314829671382904
2.6601857900619508
2.7987107038497925
2.529158318042755
2.4849476635456087
2.4812451124191286
2.4381232023239137
2.570430278778076
2.5795645475387574
2.1437935054302217
2.5663410902023314
2.610239589214325
2.4229240298271177
2.424783182144165
2.481990170478821
2.39298700094223
2.443015122413635
2.190757381916046
2.4836712956428526
2.677392816543579
2.5909324526786803
2.546055793762207
2.5249467492103577
2.368772602081299
2.5912331104278565
2.4166032314300536
2.591085743904114
2.6214800596237184
2.1814151108264923
2.446696388721466
2.4758156299591065
2.2867208063602447
2.559429931640625
2.5097721338272097
2.7105218172073364
2.5832462072372437
2.6024633288383483
2.2940012335777284
2.3389657199382783
2.745153820514679
2.294403624534607
2.3940935134887695
2.6822223901748656
2.5761099457740784
2.663023668527603
2.519542622566223
2.5754889369010927
2.6911298274993896
2.1717968046665193
2.4657637417316436
2.379129958152771
2.7021779656410216
