2.89209041595459
2.883913516998291
2.8914395809173583
2.874645733833313
2.8716904401779173
2.8622207403182984
2.8750540256500243
2.9187997817993163
2.901652383804321
2.9171890020370483
2.883419370651245
2.876979422569275
2.9268932580947875
2.85532922744751
2.874717903137207
2.853770875930786
2.882532501220703
2.898467755317688
2.89325430393219
2.8721700429916384
2.8830873727798463
2.8537582635879515
2.849891471862793
2.9114388465881347
2.8698850870132446
2.8903242111206056
2.8995521783828737
2.864729070663452
2.895378828048706
2.8501143217086793
2.871781921386719
2.8144460916519165
2.9023479223251343
2.875909686088562
2.9078173637390137
2.8662429332733153
2.9042253494262695
2.9206443309783934
2.870325708389282
2.8891550302505493
2.890131115913391
2.869314765930176
2.7844220399856567
2.844270205497742
2.854866075515747
2.907124376296997
2.923173522949219
2.9317578315734862
2.856154727935791
2.912804651260376
2.9421756982803347
2.8726693391799927
2.7920515537261963
2.8837507247924803
2.894841742515564
2.9491257190704347
2.8898333072662354
2.907019543647766
2.8761645555496216
2.9074463129043577
2.9001242399215696
2.8668015241622924
2.8931366443634032
2.890677237510681
2.8856464862823485
2.8884277820587156
2.845466446876526
2.845789670944214
2.8639795541763307
2.8748496770858765
2.876755619049072
2.841349697113037
2.883733367919922
2.902007007598877
2.8640419006347657
2.878277850151062
2.8697404861450195
2.8373063802719116
2.900220847129822
2.862234902381897
2.8386813163757325
2.8539300680160524
2.859145164489746
2.850967812538147
2.8652289390563963
2.8546946048736572
2.8627246141433718
2.8534685134887696
2.8129355192184446
2.911330533027649
2.8410823345184326
2.861023187637329
2.8665602684020994
2.8699071407318115
2.914211797714233
2.8302301168441772
2.886694598197937
2.884693717956543
2.8857320308685304
2.8367077112197876
2.849876594543457
2.872069811820984
2.8410837411880494
2.872187066078186
2.8748496532440186
2.865887093544006
2.89889976978302
2.8738417863845824
2.898624610900879
2.8528194427490234
2.868541193008423
2.803117203712463
2.8134711742401124
2.879158926010132
2.8272674322128295
2.8543072938919067
2.8963990926742555
2.8798594951629637
2.850423884391785
2.8947492837905884
2.8253253936767577
2.826143670082092
2.873388719558716
2.882476830482483
2.8515514135360718
2.8308464765548704
2.85539710521698
2.7920289754867555
2.798462963104248
2.9041741609573366
2.823926591873169
2.9071880340576173
2.8510693311691284
2.8794650077819823
2.864655017852783
2.859090065956116
2.88994505405426
2.8435517072677614
2.8341258764266968
2.847911834716797
2.8972359895706177
2.8829800844192506
2.8398985624313355
2.9014384031295775
2.871062231063843
2.861137533187866
2.8630795955657957
2.820507788658142
2.868264365196228
2.8090460538864135
2.845528316497803
2.8188292264938353
2.831561064720154
2.832180976867676
2.845247173309326
2.8056993961334227
2.8682361841201782
2.8349823713302613
2.832416033744812
2.8080059051513673
2.853715920448303
2.8197199583053587
2.7881884574890137
2.8696268796920776
2.863637661933899
2.8595106840133666
2.887095022201538
2.8650495052337646
2.8260294675827025
2.868598794937134
2.874285626411438
2.8298505783081054
2.8553594589233398
2.805482602119446
2.85825252532959
2.92525954246521
2.825926661491394
2.7640637874603273
2.9111325263977053
2.8038406372070312
2.819245624542236
2.752248239517212
2.767129135131836
2.829283261299133
2.8293013095855715
2.8529311656951903
2.924065113067627
2.9304268598556518
2.8312430143356324
2.8853392362594605
2.8128779888153077
2.7996131420135497
2.8483898878097533
2.840491437911987
2.8131746292114257
2.814800667762756
2.8420252084732054
2.8242057085037233
2.9069132566452027
2.884978699684143
2.803103518486023
2.8010995149612428
2.75762083530426
2.7581509590148925
2.8507282018661497
2.8424331188201903
2.844861125946045
2.8552815675735475
2.790700840950012
2.803517460823059
2.865400719642639
2.791943979263306
2.8902784824371337
2.846200704574585
2.8545485973358153
2.773744821548462
2.8213849544525145
2.8407321691513063
2.8413666248321534
2.8899165868759153
2.8067553520202635
2.8229788541793823
2.7849319219589233
2.845387029647827
2.799681305885315
2.819676947593689
2.7933331966400146
2.8066216468811036
2.837161922454834
2.8201545000076296
2.811068296432495
2.806697702407837
2.8479941129684447
2.789180779457092
2.832160139083862
2.7985543727874758
2.7708264112472536
2.7963892936706545
2.884867000579834
2.739395570755005
2.848741912841797
2.787841320037842
2.8281513929367064
2.853533911705017
2.747327995300293
2.84033317565918
2.7029034376144407
2.793181610107422
2.8476316213607786
2.8460447072982786
2.7386527061462402
2.797094225883484
2.686838889122009
2.839194416999817
2.8207996129989623
2.856606888771057
2.8293740510940553
2.808512735366821
2.8445409536361694
2.7155690670013426
2.7873205661773683
2.872693586349487
2.8234534740447996
2.716902327537537
2.7386592626571655
2.752893829345703
2.8458741426467897
2.7175400972366335
2.819102334976196
2.8119187355041504
2.680658221244812
2.8056565284729005
2.821684980392456
2.7642731428146363
2.7852457046508787
2.7680545330047606
2.7232561826705934
2.7108283281326293
2.7591409921646117
2.7031104803085326
2.783931517601013
2.839407229423523
2.7842058658599855
2.678967547416687
2.796401762962341
2.823643612861633
2.7459690809249877
2.767804574966431
2.750984001159668
2.8058712244033814
2.7366179466247558
2.8044776916503906
2.658926177024841
2.526652455329895
2.7554503440856934
2.822734069824219
2.8409289360046386
2.7732988357543946
2.7407094478607177
2.762740683555603
2.7925413846969604
2.662686252593994
2.8609991312026977
2.700980710983276
2.6550832033157348
2.7411866664886473
2.7125787258148195
2.6797386169433595
2.6350860357284547
2.770144057273865
2.576442289352417
2.7146396398544312
2.6843083620071413
2.7217907667160035
2.70677707195282
2.746298837661743
2.644120621681213
2.7087259531021117
2.5108547687530516
2.8754870891571045
2.8245112180709837
2.6945666790008547
2.550438404083252
2.5822206258773805
2.731112551689148
2.717138743400574
2.576894211769104
2.4599745988845827
2.758880305290222
2.6379924535751345
2.8064356088638305
2.599391150474548
2.6641939878463745
2.6860985279083254
2.5912865519523622
2.650410842895508
2.6646385908126833
2.5536332368850707
2.487901210784912
2.763706159591675
2.6325427174568174
2.7436278223991395
2.7255698919296263
2.319883716106415
2.829979681968689
2.7534432649612426
2.6944484233856203
2.725939416885376
2.6797183990478515
2.75651330947876
2.78420512676239
2.750673198699951
2.912405228614807
2.636357378959656
2.4318357586860655
2.8001590967178345
2.606669807434082
2.605860733985901
2.483035719394684
2.522403132915497
2.6417166233062743
2.677461338043213
2.7282198429107667
2.508413290977478
2.6625505685806274
2.465039312839508
2.714717698097229
2.6018174290657043
2.6035464882850645
2.7415219068527223
2.697305476665497
2.6028934478759767
2.3709787368774413
2.550753951072693
2.542707145214081
2.5890235900878906
2.731378102302551
2.6569952964782715
2.476322364807129
2.5857343554496763
2.500386369228363
2.76954505443573
2.612066650390625
2.3910823106765746
2.4523862957954408
2.5115787386894226
2.6421120405197143
2.6354735136032104
2.454093849658966
2.601383554935455
2.567734479904175
2.312191677093506
2.73557186126709
2.7179567575454713
2.664934015274048
2.473473870754242
2.5143208503723145
2.363186466693878
2.4353946447372437
2.3643012046813965
2.632342827320099
2.7318874835968017
2.4470897555351256
2.4887627840042112
2.4535426259040833
2.445080065727234
2.579499888420105
2.634782135486603
2.754629123210907
2.462257957458496
2.6201936841011046
2.5810605883598328
2.4706296563148498
2.51356817483902
2.475308394432068
2.3437030792236326
2.3730276346206667
2.652713119983673
2.4122223138809202
2.557789218425751
2.450563073158264
2.5233162879943847
2.355844795703888
2.371224844455719
2.7232006072998045
2.675546097755432
2.4265672087669374
2.4164159417152407
2.6558591723442078
2.3520910859107973
2.5094403982162476
2.805380094051361
2.3394303917884827
2.394016981124878
2.390546202659607
2.63411602973938
2.650120162963867
2.266880679130554
2.5165434002876284
2.6109429359436036
2.3442221522331237
2.8056237936019897
2.450369882583618
2.0131356477737428
2.6088643193244936
2.3988897681236265
2.6746813297271728
2.298671531677246
2.2731869220733643
2.534070885181427
2.4384006023406983
2.467018449306488
2.5064218759536745
2.4408720254898073
2.393259012699127
2.454270589351654
2.3815039157867433
2.4514071345329285
2.2073230743408203
2.1303893327713013
2.007960057258606
2.5919270753860473
2.0273441553115843
2.722240924835205
2.2476480841636657
2.1020782828330993
2.485554027557373
2.391626214981079
2.2633171319961547
2.5582924246788026
2.662840175628662
2.2401755094528197
2.2037566542625426
2.442874586582184
2.698291277885437
2.4288890242576597
2.474074196815491
2.381891703605652
2.848967933654785
2.222792398929596
2.3995455861091615
2.601361620426178
2.8001812219619753
2.3408515095710754
2.27875816822052
2.6609044432640077
2.53875412940979
2.7153202414512636
2.283862555027008
2.4721490025520323
2.4180649518966675
2.400847327709198
2.5139665246009826
2.422700834274292
2.3499682188034057
1.974963653087616
2.484939169883728
1.8639017343521118
2.2901365399360656
2.347333216667175
2.251741051673889
2.4031002044677736
2.626247751712799
2.263983190059662
2.306908118724823
2.372446668148041
2.3857576489448546
2.527861511707306
2.1712056756019593
2.6330021142959597
2.3001544713974
2.4919012904167177
2.2757400035858155
2.3555529713630676
2.454813426733017
2.3886410355567933
2.174163210391998
2.278682827949524
2.4110451340675354
2.2072765111923216
2.302306425571442
2.338094139099121
2.660409426689148
2.6886081457138062
2.1697521686553953
2.5271191358566285
2.578682029247284
2.372595262527466
2.271342158317566
1.9343168497085572
2.368588936328888
2.4806963205337524
2.380671513080597
2.149501919746399
2.2986963868141173
2.3190895199775694
2.3734910249710084
2.168187177181244
2.029945135116577
2.2604816436767576
3.1767286896705627
2.347722959518433
2.6048977375030518
2.261873245239258
2.701075792312622
2.3768903970718385
2.4184632301330566
1.9816299438476563
2.3247767806053163
2.3382002472877503
2.254050099849701
2.439156723022461
2.3406334817409515
2.4385326504707336
1.865629607439041
2.4855678558349608
2.3965842485427857
2.3517241537570954
2.5648656249046327
2.3825315952301027
2.1258071184158327
2.666427254676819
2.509861171245575
2.625840497016907
2.327177619934082
2.5465362668037415
2.1919431328773498
2.2569524526596068
2.3162713646888733
2.3542336881160737
2.6146090030670166
2.420431065559387
2.184719294309616
1.8575739532709121
2.5500602602958677
2.109563958644867
1.9730168461799622
2.3441075563430784
2.3928125858306886
2.242476522922516
2.46272634267807
2.278466784954071
2.423098111152649
2.246032786369324
2.3734922766685487
2.1733150482177734
2.36075821518898
2.484947794675827
2.280396056175232
2.1345783948898314
2.1535583257675173
2.3735811352729796
2.6142858505249023
2.4899494767189028
2.444937825202942
2.1230898201465607
2.390092694759369
2.3251149117946626
2.2366575837135314
2.266211783885956
1.8079698920249938
2.517033553123474
2.4252394914627073
2.378901493549347
2.334674561023712
2.4622048139572144
2.2359445571899412
2.2041909217834474
2.525332045555115
2.4182138681411742
2.3675261735916138
2.318324661254883
2.3718144714832308
2.224018633365631
2.050657978653908
2.282850646972656
2.131176918745041
2.1393531560897827
2.2417392432689667
2.2352209210395815
2.1047286450862885
2.315107214450836
2.3293407440185545
2.434715873003006
1.9165001302957534
2.4629924595355988
2.472670340538025
2.272805613279343
2.529148977994919
1.7328088998794555
2.6965997576713563
2.1157316088676454
2.1746370911598207
2.479554998874664
2.2096742033958434
2.180491876602173
2.484823298454285
1.8182149589061738
2.320786190032959
2.3397602915763853
2.167395758628845
1.9154207170009614
2.085223400592804
1.9799500584602356
1.968082857131958
2.506551194190979
2.445985811948776
2.26401207447052
2.0775878190994264
2.039202833175659
2.5921305537223818
2.194507527351379
2.6977222323417664
2.2646026015281677
2.3025109648704527
2.9017292141914366
2.223139852285385
2.532796359062195
2.087644970417023
2.1658172011375427
2.04881865978241
2.0594541907310484
2.1108832240104674
2.27027428150177
2.161574113368988
2.0192952513694764
2.561029624938965
2.5572515964508056
2.0550786018371583
2.268719357252121
2.4656588435173035
2.987956368923187
2.9644225597381593
2.399882173538208
1.7492440819740296
1.8963337779045104
2.0717377066612244
2.4026345193386076
2.432973396778107
1.7182244539260865
2.4391240745782854
2.43963338136673
2.4770925402641297
2.3132446885108946
2.2034632682800295
2.420964300632477
2.3287999749183657
2.2210886657238005
2.0878296732902526
2.3765984773635864
2.7547528028488157
1.8295309722423554
2.302732402086258
2.230752146244049
2.021754837036133
1.9807494163513184
2.392326331138611
2.337978518009186
2.136211609840393
1.9226286679506301
2.438726854324341
2.2788335561752318
1.9708211302757264
2.4043521523475646
2.1542298078536986
2.2679059147834777
2.2151742577552795
2.1281970500946046
2.353617560863495
2.0206302881240843
2.3373191952705383
2.547543704509735
2.1371713280677795
2.47359094619751
2.3617346405982973
2.5672874808311463
2.192277979850769
2.377670484781265
2.0478174448013307
2.5028828978538513
1.9397184014320374
1.933009719848633
2.1153629302978514
1.8378435015678405
2.2411428689956665
2.22509052157402
2.1194653153419494
2.27051260471344
2.1356857419013977
2.715757632255554
2.547607731819153
2.129687285423279
1.9737276673316955
2.3193366050720217
1.9739346146583556
2.2111572504043577
2.2925170004367827
2.489152753353119
1.712152934074402
2.047098991274834
2.2686277270317077
2.1855668783187867
2.2440893769264223
2.0512458205223085
2.2149948716163634
2.3055456221103667
2.354499286413193
2.6419758081436155
2.044764819741249
1.9810918927192689
2.1058300524950027
1.9054940283298492
2.006204378604889
2.2254958391189574
1.9875463247299194
2.4428253531455995
2.2475425362586976
1.8721883058547975
2.3292323470115663
2.27674640417099
2.331914132833481
2.285977840423584
2.1231698870658873
2.216042494773865
1.9432804882526398
2.2856549620628357
2.208883023262024
2.245816242694855
2.3115989446640013
2.272187864780426
2.0252751231193544
2.276717710494995
2.106492280960083
1.8885383367538453
1.9982973396778108
2.4235902428627014
2.096372866630554
2.355819249153137
1.9681783378124238
2.109806090593338
2.2821805596351625
2.4712607860565186
2.6286362648010253
2.290504884719849
2.0581600308418273
2.278380399942398
2.306808465719223
2.529386568069458
2.2317832708358765
1.9926050841808318
2.4161962151527403
2.5771395206451415
2.035157525539398
1.8366560518741608
2.261246752738953
2.084796929359436
1.9768524765968323
2.3600887298583983
2.1880578994750977
1.3132560461759568
1.8232798397541046
2.209673595428467
2.281189262866974
1.8453467249870301
2.0950250327587128
2.4589380979537965
1.7700881093740464
2.221730035543442
2.214902663230896
1.7017227709293365
1.9365342378616333
1.8720931172370912
1.9739585876464845
1.7775260925292968
2.4776408433914185
2.5304238200187683
2.1328457951545716
2.266405129432678
2.293065619468689
2.3286245703697204
1.8384453773498535
2.114211678504944
2.189782404899597
2.246112811565399
1.652738481760025
1.9616109609603882
1.7455752074718476
1.9044109523296355
1.7976010113954544
2.2946603059768678
2.084380605816841
2.066673016548157
2.068202722072601
2.0119312167167664
1.8333605796098709
1.8042494118213654
2.1230021715164185
2.8257332026958464
1.9673537969589234
2.4530596017837523
2.3350471556186676
2.3923099040985107
2.274560499191284
1.94700767993927
2.0468881607055662
2.2694430708885194
2.5220677971839907
2.4191880941390993
2.0418009757995605
1.7422812700271606
1.877221167087555
2.686251938343048
2.712010681629181
2.1235152810811995
1.6969717621803284
1.9976944029331207
1.5761046230792999
2.1211321115493775
1.759970198571682
1.9068031668663026
1.8990819603204727
2.0275046944618227
2.1208819270133974
1.8569737255573273
1.9266226887702942
2.0017968505620956
1.6174103438854217
2.2173875689506533
2.405702996253967
2.064908766746521
1.773506510257721
2.1914998292922974
1.8559172332286835
2.5094201803207397
1.909506693482399
2.158381426334381
2.0101268768310545
2.1057308197021483
2.09616362452507
2.1040487051010133
1.8753285229206085
1.6080882787704467
2.341316747665405
2.083990681171417
1.3707823872566223
1.7111321479082107
1.9850465178489685
1.7345516383647919
1.9314407348632812
1.9894502580165863
1.9465282678604126
1.8502346009016037
2.0297097623348237
1.7376481294631958
1.9240319967269897
1.8568725883960724
2.0399427339434624
2.2408979341387747
2.2944968938827515
2.1511207938194277
2.3301605463027952
2.0816230297088625
1.9724985837936402
1.9202054142951965
2.147664028406143
2.3554424047470093
2.3725340247154234
1.5707956045866012
1.6820424437522887
1.9863110184669495
1.5201659977436066
2.456634259223938
1.8710577547550202
2.3786819487810136
1.7421602770686149
1.8392226636409759
2.1833381175994875
2.0286391198635103
1.935011887550354
1.9837488293647767
2.2974668979644775
1.892825448513031
1.9011281788349152
1.9495938658714294
2.1378935635089875
2.043343114852905
2.2514996767044066
2.4476997017860413
1.9561224460601807
2.2435380697250364
2.146814727783203
2.50243564248085
1.9693859279155732
2.4522337555885314
1.8531604766845704
2.5803940534591674
2.1514248073101045
1.4648558765649795
2.230211913585663
2.233041191101074
2.3624210238456724
2.04766047000885
2.178507226705551
2.279204732179642
1.90793936252594
2.142202579975128
1.8591321289539338
1.9143572747707367
2.1004338383674623
2.3077664971351624
1.9531506657600404
1.8292600870132447
2.0166358292102813
2.0471977829933166
2.0357913196086885
2.015711599588394
2.5331217527389525
1.9586573719978333
1.8438901484012604
2.0215340554714203
2.1508949235081674
1.9224841952323914
2.049152261018753
2.0229005455970763
2.0573784857988358
2.0963404059410093
2.3538840860128403
2.189331603050232
2.22388237118721
2.01960711479187
2.3277918308973313
1.9449939370155334
2.4705010771751406
1.9275986194610595
2.0372897386550903
1.8801418274641037
2.072165834903717
2.0578750669956207
2.387542021274567
1.489595001935959
1.8069073379039764
2.2310280799865723
1.98029865026474
2.3453518986701964
1.8902084589004517
1.6513014614582062
2.0898468792438507
1.7380271285772324
1.7982885360717773
2.2583325028419496
2.1784563422203065
2.1793402194976808
1.8682335376739503
1.8234550431370735
2.062866377830505
1.8426648259162903
1.760482519865036
2.021820765733719
2.204948663711548
2.1907146990299227
2.056455996632576
1.8986640721559525
1.8531343400478364
1.7625017791986466
2.062753140926361
2.0158937126398087
1.6123989328742028
2.256627380847931
1.6805055767297745
2.0573112964630127
2.3690445363521575
2.7543657779693604
1.6742663621902465
2.39291330575943
1.5874161526560784
1.4896686241030692
2.3265612602233885
2.3696415424346924
1.9854621887207031
1.4765155017375946
2.368561589717865
2.403520679473877
1.9619748532772063
2.5803290486335753
1.4821542263031007
1.956344649195671
1.6750960648059845
1.86255185008049
1.8854745373129844
2.2855820178985597
1.7096292600035667
1.7967229068279267
1.5906567513942718
2.790877032279968
2.202033692598343
1.7838901072740554
1.8674704074859618
1.943605399131775
2.2360535979270937
1.9947845682501792
2.1767278254032134
2.1825318932533264
1.7186199069023131
1.672941941022873
2.11203556060791
1.6250445783138274
1.8054281294345855
1.7410791277885438
1.8344023555517197
1.9664155423641205
1.9393840074539184
1.9046186268329621
1.7767037510871888
1.8728493750095367
2.0324725985527037
1.7866814613342286
1.9784441351890565
1.7374035567045212
1.7630799531936645
1.761684489250183
1.969101506471634
1.6888484597206115
2.301548993587494
1.9015068769454957
2.1646862506866453
1.9958568543195725
1.613037496805191
2.1073452174663543
2.251139667630196
2.481986677646637
2.4506292581558227
1.283180260658264
1.9694675266742707
1.9734957933425903
2.0392660975456236
1.7881572604179383
2.0478497624397276
2.0050517201423643
2.3628962516784666
2.4973308801651
2.07407745718956
2.4190755784511566
1.830420768260956
2.3034214854240416
1.8567495942115784
2.2300734639167787
1.8090596079826355
2.264639228582382
1.8004163742065429
1.8356520295143128
2.526091679930687
1.7347582519054412
2.054582405090332
1.673208051919937
2.633272957801819
2.152353084087372
2.4946561574935915
1.9366042375564576
1.9315126419067383
2.231593596935272
1.9799250572919846
2.1822796404361724
2.4090965747833253
2.494943070411682
2.000657057762146
2.486151546239853
1.9679602146148683
2.4563969880342484
2.118753123283386
2.0459874510765075
2.1983646988868712
2.3481098651885985
2.081268459558487
2.0946202844381334
1.760939633846283
2.06470046043396
1.898606476187706
1.2896061569452286
1.6439958930015564
1.840769773721695
2.7739890813827515
1.8046231806278228
2.2201640248298644
1.90255516320467
1.769001916050911
1.9590991973876952
2.0070745825767515
1.7085932075977326
2.0815740421414377
2.2353346943855286
1.847805318236351
1.9826981544494628
2.2393879890441895
2.3662222027778625
1.9643324136734008
1.5401092782616614
2.5405791759490968
1.934437382221222
2.298256480693817
1.9085708558559418
1.7486279338598252
1.7675256848335266
2.1792580425739287
1.8168202549219132
1.892292606830597
1.6921019852161407
1.5203802175819874
1.7446813583374023
2.2039278030395506
1.869934755563736
2.179556334018707
1.9202309668064117
2.186171841621399
1.4976845264434815
1.7277327537536622
1.3812051862478256
1.9644643425941468
2.07779775261879
2.273588401079178
2.124935233592987
1.9138368368148804
2.1730013608932497
1.8497776627540587
1.6239644706249237
1.7521749317646027
2.747434476017952
1.3822677224874496
2.4215266942977904
1.4835392564535141
1.7767506122589112
1.740677970647812
1.7801605999469756
2.391835129261017
1.7367825478315353
2.015340358018875
1.9101289853453636
2.04105623960495
1.9657712697982788
1.7282311975955964
2.0973875880241395
2.139223998785019
1.7828217625617981
1.8380711317062377
1.711663830280304
1.5602097749710082
2.626926577091217
1.818019524216652
2.2442903995513914
2.3613722801208494
2.1681485772132874
2.0092079043388367
1.8796103119850158
1.7034228891134262
1.712224644422531
1.8810118317604065
1.6145378053188324
1.632650899887085
1.4375159993767739
1.9941612839698792
1.3934185311198235
2.1163575887680053
1.7466597497463225
1.8556743085384368
1.9649264872074128
1.4456268072128295
2.130642169713974
1.8491633787751198
1.866798883676529
1.7799056105315685
2.225905990600586
1.711571741104126
1.9245416164398192
1.888258421421051
2.3174642860889434
2.0358213782310486
1.8466677784919738
2.07859243452549
2.093626356124878
1.7625374302268029
2.4131676316261292
2.1202904284000397
2.019251400232315
1.7108257293701172
1.8822584748268127
2.037978619337082
1.345785343647003
1.5388815522193908
1.7157628417015076
1.8312954902648926
1.7478351831436156
2.4073795318603515
1.5740998029708861
1.330977737903595
2.0192218899726866
2.08239860534668
1.964745718240738
1.9060300230979919
1.9333647191524506
1.6295528173446656
1.551032042503357
2.138425701856613
1.604185751080513
2.6047013282775877
1.735622411966324
1.562188708782196
2.2630660831928253
1.6185724914073945
1.543120539188385
1.8026296019554138
1.9815216660499573
2.0811779379844664
2.0102112352848054
1.2276499450206757
1.8363696038722992
1.528375393152237
1.9300409734249115
2.0555052757263184
1.3812732815742492
2.363919460773468
1.7968959391117096
1.356902414560318
1.920515513420105
1.9430768728256225
1.3863275170326232
1.5832881331443787
1.8694591388106345
1.7605919599533082
2.120210862159729
2.399049365520477
1.971394234895706
2.3247335076332094
2.0678139686584474
2.1038916036486626
2.0403532281517984
1.4996295154094696
1.659522569179535
2.2625904858112333
2.065112179517746
1.521097744256258
2.180557334423065
1.2617653921246528
1.8441028416156768
1.6576904773712158
1.610709983110428
1.9843073785305023
1.877157860994339
2.025902807712555
1.3731929928064346
1.8986154437065124
2.1094554007053374
1.9490809500217439
2.1150825381278993
1.6634831368923186
1.795074924826622
1.570150226354599
1.653222143650055
2.181594245135784
1.704431688785553
1.855017864704132
2.2576424717903136
2.2703896045684813
1.9822879314422608
2.0259066224098206
1.449277365207672
2.2261346220970153
1.721588957309723
2.2122590959072115
2.2011647880077363
2.39119239449501
1.8006020069122315
2.0385066866874695
1.929901970922947
1.5888217508792877
1.63719202876091
1.5567515552043916
1.9667136430740357
2.3909536480903624
2.1913384765386583
1.2352366037666798
2.02749879360199
2.0305036425590517
2.363032676279545
1.939610731601715
1.551861499249935
1.6358208864927293
1.9520140409469604
1.5807209268212319
1.9719709604978561
1.9299586236476898
2.171479953825474
1.6405903548002243
1.908912432193756
2.0841013550758363
1.9473548442125321
1.4935084640979768
1.9842099219560623
1.4705870270729064
1.359466901421547
1.8063664317131043
1.8143201798200608
1.6321325972676277
1.7998904764652253
1.846877920627594
1.4089314609766006
1.504663071036339
2.001723149418831
2.189584791660309
2.0044131755828856
1.7832258462905883
2.088417339324951
1.6976700708270074
1.6133580088615418
2.2439113020896913
1.495229321718216
2.2327299654483794
2.0645323395729065
2.2767468690872192
1.8690274685621262
2.049931663274765
1.3629791259765625
1.9657549858093262
1.745671570301056
1.569329059123993
2.1886606737971306
1.5660719513893127
1.9190468579530715
2.3279018841683863
1.489131511747837
2.0677948236465453
2.2482622087001802
1.9388788595795632
1.229972904920578
1.741198444366455
2.182796996831894
2.186031723022461
1.8038786828517914
2.3961673080921173
1.6849564269185067
2.2050526231527328
2.426038646697998
1.0684256970882415
1.1471329182386398
2.3443777680397035
2.564956969022751
2.0656763195991514
1.8437654852867127
1.8217891097068786
1.6608109414577483
1.8637569904327393
2.0205159425735473
1.4521579802036286
1.4643896222114563
2.0664096415042876
1.7565639212727546
1.8778851211071015
1.4655187636613847
1.9056709587574006
1.7341114848852157
2.192694878578186
2.187431426346302
2.115057498216629
1.6515663266181946
1.4638288170099258
1.65060113966465
2.2941729545593263
1.7457563608884812
2.898103928565979
1.9657184779644012
1.6935643941164016
2.044011300802231
1.6301013559103013
2.0201973527669908
1.9586148321628571
1.1079043328762055
1.5035054385662079
1.5200938701629638
1.801338317990303
1.870362564921379
1.6550864189863206
1.7188326120376587
1.9984833478927613
1.558526559919119
1.7608795426785946
1.4103468656539917
1.814772468805313
1.59414504468441
2.1660245299339294
1.7505731225013732
2.300320768356323
2.051880896091461
1.8383749186992646
1.556875902414322
1.5225308030843734
2.1059282183647157
1.8591174721717834
2.202881532907486
1.1695872575044632
1.4254006683826446
1.3627471148967742
2.446821874380112
1.8601897478103637
1.5543012857437133
2.120634767413139
2.299100875854492
1.5746214061975479
1.5480723038315773
1.8399326503276825
1.8555222809314729
1.7124126553535461
1.7562430202960968
1.5289414197206497
1.6815279364585876
2.0277550399303435
2.11631315946579
1.470313060283661
1.305242684483528
2.7412424445152284
1.7888594925403596
2.1007171869277954
1.5068286865949632
1.5327870175242424
1.633761042356491
1.8610131382942199
1.7584196835756303
1.9242018818855287
1.7138746559619904
2.193749815225601
1.3151296973228455
1.7921733230352401
1.6556358069181443
2.0112266138195993
2.248882782459259
1.806271168589592
1.9356910586357117
1.6214097410440445
1.7398237198591233
1.9049626469612122
2.1115185022354126
1.6415662109851836
1.7710327118635179
1.5502572447061538
1.583662360906601
2.1761530503630637
1.5436559528112412
2.283258819580078
1.8439391732215882
1.7442378878593445
2.464050109684467
1.4996856123209
1.4789135873317718
2.0888100147247313
1.7567804485559464
1.7161370635032653
2.0181633800268175
1.5969787403941154
1.661709088087082
2.058047389984131
2.3822100132703783
1.6855786979198455
1.9468968212604523
1.6732342593371867
1.6816387534141541
1.9376156270503997
1.774684351682663
2.1604563355445863
1.672641522437334
2.201435258984566
2.246281072497368
1.8342653810977936
1.8756270945072173
1.230109265446663
2.5214959621429442
1.7647012263536452
1.8591728001832961
1.0865426987409592
1.857072466611862
1.9400188028812408
2.1843724280595778
1.577015608549118
2.283564442396164
1.3393543824553489
1.6341947555541991
1.8870570540428162
2.079983800649643
1.7705382883548737
1.4738427430391312
2.248932507634163
1.7341765031218528
3.3586846217513084
1.7760825097560882
1.6907668232917785
1.6333342611789703
1.5506169676780701
2.5927434742450712
1.687225529551506
2.1446378365159036
1.5191170871257782
1.5608251333236693
1.4434406757354736
2.3731828719377517
1.9219719111919402
2.006346565485001
2.131531852483749
2.059025713801384
2.3523228824138642
1.3352968886494636
1.34730484187603
1.6389104939997197
1.7893032342195512
1.7602983295917511
1.9207762449979782
1.7194213792681694
1.8285126686096191
1.6326673209667206
2.8669863104820252
1.5673474431037904
1.2206030428409576
1.8999850660562516
2.2079134345054627
2.0653343737125396
1.4037322729825974
2.265551668405533
2.2521287322044374
1.8697291940450669
2.3080753564834593
2.229901683330536
2.0131130874156953
2.1620648875832558
2.0304707884788513
2.628444564342499
2.0134703770279883
2.09781454205513
2.1286360055208204
1.4489833399653436
2.4595680952072145
1.492515853047371
1.9850814402103425
1.7089474469423294
1.8858514681458474
1.3749196618795394
1.8747872591018677
1.9793825089931487
1.7319056376814843
1.4316333770751952
2.238700067996979
1.7808439493179322
1.8452448025345802
1.9852983951568604
1.839491206407547
1.657071703672409
1.9306899189949036
2.3573578119277956
1.7232523024082185
1.6019411265850068
1.5992248237133027
1.20263030230999
1.6860304459929467
1.675568787753582
1.4713582664728164
1.9866601556539536
2.3674832224845885
1.777804210782051
1.5763330593705178
1.7434889137744904
1.9686991095542907
1.5846739679574966
1.5520275682210922
1.9677470058202744
1.3561766475439072
1.7597593784332275
2.0582824826240538
1.6111537218093872
1.526378518342972
1.853767678141594
1.990918505191803
2.1361911416053774
2.1603923439979553
2.4158544301986695
1.5399439871311187
1.5945143938064574
1.6722971886396407
1.6419863820075988
1.6064661622047425
1.791049126535654
1.6047103002667427
1.5619620710611344
1.7079451620578765
1.1925482273101806
2.2148433305323123
1.5777858525514603
1.651572808623314
1.577451765537262
1.2274776697158813
1.7964593201875687
1.478603008389473
1.7076927363872527
1.593735359609127
1.7327297508716584
1.8402393996715545
1.9078194439411162
1.468256402015686
1.7764739632606505
1.6922329545021058
1.5692072689533234
1.3115788459777833
1.6549831926822662
1.8487929701805115
1.5885310545563698
1.701439619064331
1.2510783851146698
1.5224330708384515
1.389174324274063
1.531756627559662
1.321542862057686
1.4045598447322845
1.5431629598140717
1.9372924521565438
2.0860888838768004
2.442908692359924
1.7750291168689727
1.9138246655464173
2.293764960765839
1.4105135187506677
1.4139931410551072
2.2425676584243774
2.225097346305847
1.4195602059364318
2.1457914412021637
1.6931004405021668
1.9584446877241135
2.2724224478006363
1.2494326815009118
1.3918938994407655
1.770608413219452
2.110173004865646
1.7912765741348267
1.923419289290905
1.6636199176311492
1.6245319485664367
1.4387910544872284
1.2637356795370578
2.4949754789471625
1.7229489624500274
1.4830200731754304
2.0123883485794067
1.626173746585846
1.5015766441822052
1.6639055013656616
1.906394374370575
1.8231785744428635
1.7441408425569533
2.466809004545212
1.2021615192294122
2.700938367843628
1.929696001112461
1.5302694350481034
0.9192324355244637
1.3729883491992951
1.7483663439750672
1.4830364257097244
1.4806945592164993
1.3936895191669465
2.544685387611389
1.733222658187151
2.0444041818380354
2.0292125582695006
1.5093452274799346
1.8476568698883056
2.1908558011054993
1.5992890447378159
1.9389970123767852
1.8938308358192444
1.7394957721233368
2.382646584510803
1.8178272411227225
1.7364955201745034
1.8480190277099608
1.3655916541814803
1.9733361884951592
1.850257194042206
1.8902465730905533
1.9316260159015655
2.02981271892786
2.0196533381938933
1.3619799807667732
1.8408707350492477
1.992729191482067
1.5489190876483918
2.0770958185195925
1.7995532736182214
1.8482046857476235
1.5725721627473832
2.082571882009506
2.0537048779428004
1.6722795575857163
1.8852262914180755
2.0741176664829255
1.7471457242965698
1.6175259709358216
1.7514531910419464
1.6484725803136826
2.181889796257019
1.2398655742406846
1.8954476594924927
1.6197733104228973
1.1647605240345
1.5141580402851105
1.802798867225647
2.1747864365577696
2.129939669370651
1.4212489426136017
2.313802656531334
1.41532291918993
1.5939207881689073
2.5266284853219987
1.8410779893398286
1.7878982573747635
1.2575952023267747
1.3906323239207268
1.277606512606144
1.483967424929142
2.0166953921318056
1.9580150738358497
1.4362859934568406
1.355840027332306
1.3398127101361752
1.9105819940567017
1.1775562107563018
1.5813099682331084
1.7365985929965972
2.7883538782596586
1.6997736290097236
1.148831045627594
1.1373791694641113
1.3796504318714142
1.8010880887508391
1.5106324344873427
1.8576409459114074
1.2757112801074981
2.517979685217142
1.775385817885399
1.7751792818307877
1.3512258112430573
1.5971850901842117
1.840405285358429
2.0453831255435944
1.821984988451004
1.948613676428795
1.6603460431098938
1.8122535198926926
1.8656548053026198
1.4439445912837983
1.67748863697052
2.1409363389015197
1.816090601682663
1.582254557311535
1.7080582961440087
2.086548525094986
1.676986312866211
1.5761939622461796
2.691594398021698
1.2419378630816937
2.0249187886714934
1.8293240427970887
1.2436046570539474
1.8417948842048646
1.1791203752160073
1.498685184121132
2.0418905913829803
2.3360541820526124
2.3579146385192873
2.0710448265075683
2.1981508851051332
1.6791278548538684
2.8832296788692475
1.7864154011011124
2.4281369231641294
1.8069006145000457
2.023028922080994
1.8845064133405685
1.5461811602115632
1.4535367399454118
1.723224775493145
1.6464997708797455
1.705406415462494
1.910264354944229
1.719681292772293
2.012211102247238
1.921272985637188
1.8553934127092362
1.9356169775128365
1.7688497304916382
1.8383451610803605
2.341473972797394
2.087575149536133
1.4949769288301469
1.9337297916412353
1.5361027747392655
1.260356491804123
1.392245064675808
2.502127793431282
1.9911346822977065
1.7376343667507173
1.3114531457424163
1.639656999707222
1.6151928067207337
1.9295652508735657
1.7644414603710175
1.7078881114721298
2.300537642836571
1.7493879944086075
1.3687752172350884
1.088883390277624
1.841227114200592
1.0044766753911971
1.5506701737642288
1.4815886527299882
1.867682832479477
1.5722131431102753
1.4970143377780913
0.9818777106702328
1.082366418093443
1.3905551880598068
1.907176387310028
1.365373930335045
1.485296642780304
1.358955943584442
1.9749396383762359
1.8280952453613282
1.7462605491280556
1.7770154297351837
1.1717969778925181
1.6479336991906166
2.220127147436142
2.133483367599547
2.0162571549415587
1.1333682537078857
2.3675080478191375
1.8978129118680953
1.9142817616462708
1.88869865834713
2.3172741770744323
1.9841310143470765
1.2158124208450318
2.4281391352415085
1.4705477744340896
1.9118237435817718
2.104280912876129
1.5772792518138885
1.7774212658405304
1.1826138570904732
1.6137772113084794
0.9529288455843925
1.4675524681806564
1.8475738286972045
1.380479408800602
1.6515284389257432
1.890003740787506
2.282335823774338
0.9600706934928894
1.2704806715250014
1.2585296958684922
1.376588347554207
1.2854835718870163
1.5807369619607925
1.7760370373725891
1.419990250468254
1.589237540960312
2.286481785774231
1.3572289586067199
2.2547632217407227
1.743796157836914
1.0978163659572602
2.1449564725160597
2.574578058719635
2.1973606795072556
1.841820192337036
1.4977544218301773
1.4426535725593568
1.826411908864975
1.5330466836690904
1.8365189015865326
1.1628645658493042
1.550342434644699
2.2092616349458694
1.20057572722435
1.511070466041565
1.0063446670770646
1.6220312535762786
2.0441412329673767
1.4021449863910675
1.5620385527610778
1.9730283975601197
1.4856176316738128
1.410108533501625
1.362199291586876
1.0792326271533965
1.697066706418991
1.6878381371498108
1.0643282860517502
2.055930344760418
1.7755778789520265
1.428569918870926
1.3653106153011323
2.07924547791481
1.4702469050884246
1.5925135910511017
1.6265409648418427
1.3768579609692098
1.17460977435112
1.7859124183654784
1.8530033275485038
2.198598152399063
2.3531599760055544
1.370182266831398
1.4982190787792207
1.3401274681091309
1.538412767648697
1.9889976281672717
1.3546708941459655
1.3547077253460884
1.8569737285375596
1.6658045299351216
1.5435635089874267
1.6855895429849626
1.6523087844252586
1.2864374101161957
1.092473992705345
1.358574202656746
1.5841335870325566
2.124170958995819
1.4562848180532455
1.5841227114200591
0.9752771899104118
1.801357552409172
1.357965850830078
1.765462128072977
1.0882077544927597
1.756011714786291
1.6445420503616333
2.168328493833542
2.1399616658687592
1.7690716147422791
1.8772649466991425
1.3197165608406067
1.376300472021103
1.837778776884079
1.8377306163311005
1.687363588809967
1.7586587719619273
1.7460142821073532
1.71365574747324
1.9097978495061398
1.6803686439990997
1.7765909731388092
2.2727945268154146
1.872477751970291
1.6706044614315032
1.3568844500929118
2.181933307647705
1.6893534898757934
1.7966788232326507
1.4773667186498642
1.3924290403723716
1.8192539751529693
0.9913627073168755
1.6173742473125459
1.7100492537021637
1.4833777233958245
2.0509528636932375
1.4021179378032684
1.3946572482585906
1.4536584734916687
1.8861503601074219
1.433808010816574
2.2513502657413484
1.693737581372261
1.3353772401809691
1.9347100719809531
1.7657253563404083
1.6738749295473099
2.3649717807769775
1.4249954104423523
1.5381003908813
1.0342876046895981
1.1189494661986827
1.6878950208425523
1.920798224210739
1.014841514825821
1.7652265429496765
1.7521623730659486
1.898552030324936
1.5973902761936187
1.955544874072075
1.2597681209445
1.752592957019806
1.2747922949492931
1.373963388800621
1.7796430587768555
2.4027533769607543
1.3632040716707707
1.6478960394859314
1.247558632493019
2.011315107345581
1.4894345104694366
2.456210319697857
1.8355112068355084
1.0617974162101746
0.9661334484815598
1.6227501306682826
1.7774250507354736
1.8462962001562118
1.0900066204369068
1.271650242805481
1.9545008957386016
1.8316883206367494
1.6602289706468583
1.7968387946486473
1.7463439270853995
1.57719247341156
1.6968815967440605
2.4608158633112907
2.325839972496033
1.1133756559342145
2.1856995940208437
1.5094509214162826
1.731348693370819
1.54191774725914
1.384747749567032
1.5328796550631523
1.2318800449371339
2.362418035045266
1.52864870429039
1.114852949976921
1.7153798729181289
1.1161311350762844
1.7318468987941742
1.526564884185791
1.7326101064682007
1.8284619748592377
1.5368721418082714
2.441384167224169
1.720421850681305
2.299376279115677
1.8160475373268128
1.9293264091014861
1.7136760525405408
1.9568897478282452
1.3179391264915465
1.416197845339775
1.0322738587856293
1.9895374298095703
1.5241900518536569
1.7515554130077362
1.7153378397226333
1.163905104994774
1.41541161313653
1.1418096348643303
2.0897833585739134
1.5044799268245697
1.8534808516502381
1.4133436918258666
1.8579109013080597
1.2994545906782151
1.4319922924041748
1.6858844399452209
1.8555623948574067
1.5173881143331527
1.313807424902916
1.363916215673089
1.241105005145073
1.418704815208912
1.6187394559383392
1.2125944674015046
1.5282897889614104
1.6095820009708404
1.86677388548851
1.2707140762358904
2.350493985414505
1.6765552401542663
1.4790956031531095
1.2496746614575387
1.6029209405183793
2.160690316557884
1.7428827315568924
1.4252192080020905
1.4532553404569626
1.9015592217445374
1.7849361956119538
1.7615403592586518
1.3672142624855042
1.9216991782188415
1.2486637353897094
1.9527830481529236
1.6767893493175507
1.7403356075286864
2.6620651364326475
2.0962989926338196
1.6095920667052268
1.766795289516449
1.7988699644804
1.3690528005361557
1.6962448358535767
1.2222669392824173
1.454845702648163
1.4714168563485146
1.4843819797039033
1.872817999124527
1.59124698638916
1.2393231824040414
1.3190989375114441
1.9987132489681243
1.3446532607078552
1.3366633534431458
1.5498443424701691
1.3397441416978837
1.332732968777418
1.1169147618114947
1.0390862107276917
2.0767813004553317
1.8160255670547485
1.7308878734707833
1.006858443468809
1.804609940946102
1.6199941165745257
1.2476855099201203
1.6030580893158912
1.2119706496596336
1.9957371771335601
1.5380723152309657
2.120869332551956
1.5347720667719842
1.8772621519863606
1.792056366801262
1.2785721018910408
1.563371779024601
1.5023587688803672
1.4687402665615081
1.916557651758194
1.7049470126628876
1.2250120759010314
2.619467329978943
2.2441232949495316
1.7896584473550319
2.507055735588074
2.1117273181676866
1.5783442281186582
1.7271271914243698
1.1538739167153835
1.9899785995483399
1.538609379529953
1.1225451856851578
1.6373525649309157
2.0465667247772217
1.166813740134239
1.6481836506165564
1.8322928190231322
2.211532585322857
2.1102699816226957
1.6338161528110504
1.6718277752399444
2.5005319744348524
1.2442913889884948
1.086061242222786
1.5467653393745422
1.5068681500852108
2.1666044890880585
1.8521838247776032
1.5436973780393601
1.6595348402857781
1.6099338293075562
1.0559249594807625
1.8008561708033084
1.50013787150383
1.7130557477474213
1.4775552973151207
2.0959908962249756
1.5454983815550805
1.4140611059963704
1.9857952058315278
1.3370907485485077
1.5324341505765915
1.654193989932537
1.4268161594867705
1.1623902946710587
1.2052322179079056
2.4874328136444093
1.9397420287132263
1.2704242415726186
1.6572103679180146
1.6299243181943894
1.798893576860428
1.6513560593128205
0.9872916281223297
1.742206197977066
1.7837269589304925
2.13730428814888
1.7437678396701812
2.2600810050964357
1.2891565622761845
1.4772423706948756
0.9566252730786801
1.199173417687416
1.4442530542612075
1.596497932076454
1.8537566274404527
2.0055256128311156
1.4227782279253005
1.1331598937511445
1.2453592285513877
1.4664096355438232
1.6865800201892853
1.4880834527313709
1.1830888602882623
2.3773602306842805
1.0960475392639637
1.8890872359275819
1.5710613906383515
1.3419320702552795
2.183152604103088
1.4157677188515663
1.3621985495090485
1.3440044045448303
1.5910895377397538
1.823279006779194
1.5386950850486756
1.3571657359600067
2.3068983435630797
1.8155232906341552
1.791235014796257
1.3771629095077516
1.3536334961652756
1.1301836550235749
1.385311411321163
1.3725424014031886
1.4594417750835418
1.4655048921704292
1.8140390671789646
1.471352480351925
1.868021510541439
2.0034042194485666
1.7068452954292297
1.0888959519565105
1.6687770366668702
1.6815755903720855
2.188287687301636
2.021576291322708
1.423181633464992
1.5069338619709014
1.0478964652866125
1.2475869834423066
1.5307228818535805
1.4158269882202148
1.6636063605546951
2.2440868735313417
1.544428037852049
1.4014938831329347
1.8691747039556503
1.9773639678955077
1.5459611341357231
1.7048984497785569
1.584759560227394
2.410974036157131
1.1606365025043488
1.654945757985115
1.998721605539322
1.6335211537778378
1.57478266954422
1.908913367986679
1.5420339073985816
1.471805040538311
1.5602882828563451
1.8722309112548827
1.932601960003376
1.9933617293834687
1.9852547705173493
1.6436268001794816
1.964895997941494
0.9746228635311127
1.5974587380886078
1.576911261677742
1.5629386365413667
1.8606606721878052
2.131348691880703
1.110405296087265
1.556804597377777
1.389583982527256
1.4787364900112152
1.2798502773046494
2.278385855257511
1.999485758692026
1.5868333458900452
1.8957420349121095
1.6128761142492294
1.977961491420865
0.9873345829546452
1.8324555575847625
2.2171606749296187
1.1355169866234065
1.3385063529014587
1.7422096967697143
1.5886129453778266
1.1578465685248376
1.9588302493095398
1.8361296303570271
1.5557680252939463
1.5910617858171463
2.2653734892606736
1.387862142920494
1.6910592123866082
2.2056569516658784
1.7878570318222047
1.836008256673813
1.447438758611679
1.5300235997885465
1.7723803877830506
0.9899971734732389
1.337392395734787
1.3157556056976318
1.5598019748926162
1.876481744647026
1.5385340750217438
1.938801771402359
2.0494999647140504
1.3137447915971279
1.7041765868663787
1.1423764884471894
1.337970681488514
1.8028387635946275
0.9510985523462295
1.2690689623355866
1.6120925068855285
1.4608775112777947
1.8787334322929383
1.8712757408618927
1.4669090703129768
1.391315007954836
2.519806754589081
1.7448055893182755
1.8361597537994385
1.248997949808836
1.3654355525970459
1.7361832320690156
1.305075567960739
2.2314318239688875
1.4358552142977714
1.9116190373897552
1.3255122512578965
1.642268842458725
2.03402818441391
1.4920180290937424
1.7032026946544647
1.5140970736742019
1.50348694100976
0.9762736335396767
1.1945571318268775
2.040327602624893
1.9205288738012314
0.9318150505423546
1.6100366801023482
2.0735850393772126
2.4672884538769724
2.080837546288967
1.6383412837982179
1.8838067591190337
2.1203509151935576
1.8910996615886688
1.036170945316553
1.237314234673977
1.4601893991231918
1.6863995641469955
1.7406946957111358
2.190643644332886
2.5551618203520774
1.0257824704051017
1.0182675996795296
1.4955237179994583
1.1197769105434419
1.5602766007184983
1.2953481569886207
1.4459654331207275
2.251772341132164
1.6483015418052673
1.4592829309403896
1.3020627677440644
1.3480893354862928
1.770339435338974
1.8426634430885316
1.9656657487154008
1.5231245025992393
1.640886026620865
1.919367653131485
1.7415112525224685
1.7393728494644165
1.7440256893634796
1.5208740681409836
0.8849669769406319
1.7051807776093484
1.5592427611351014
1.7848252207040787
1.5649321377277374
2.3087860465049745
2.1745671570301055
2.0709383964538572
1.4582567453384399
1.4496110469102859
1.7472622200846673
1.6960331559181214
1.6474802896380425
0.7504230037331581
1.4410796523094178
1.493591595813632
1.5739595614373685
1.7255135640501975
1.8732584476470948
1.5006254620850086
1.8311558976769446
1.3298289209604264
1.2380122900009156
1.781919401884079
2.0047953754663466
1.1140259832143784
1.1254787474870682
1.435284173488617
1.3162381209433078
1.144905576109886
1.377588152140379
1.419334315508604
1.1684701323509217
1.3057158216834068
1.8522092368453742
1.1250684887170792
1.6826252810657025
1.8404014103114605
1.6450525380671024
2.156443160772324
1.270785428583622
1.54405517578125
1.3838695138692856
2.065726101398468
1.898136705160141
1.2711584895849228
1.8005282416939736
1.8140505231916904
1.3317058965563775
1.0190354593098163
1.9673245459795
1.0191765904426575
1.5290928304195404
1.5688527166843413
1.453208476305008
1.6803967148065566
1.3725973308086394
1.4333551548421384
1.6774667292833327
1.889062339067459
1.4113160438835621
1.8953350841999055
1.5318620145320891
1.6747961670160294
1.7358851045370103
1.4057595387101174
1.7516309559345244
1.8105617672204972
1.3330302223563195
1.4921844020485877
2.1867696940898895
2.0235179744660856
1.1157435715198516
1.1822647780179978
1.2453820887953042
1.8400058314204215
1.4714277058839798
1.6304065018892289
1.7158050954341888
1.773584359884262
1.4311762563884258
1.6013904359191655
1.5057651162147523
1.1920352067798377
1.7905819118022919
1.6075899004936218
1.9592587739229201
2.2084311962127687
1.9835750937461853
1.2137259364128112
1.6164949804544448
1.7380838572978974
1.4119121745228767
1.1848860092461109
1.3666658669710159
0.9644571945071221
1.562063680589199
1.8721976667642592
0.7096486069262028
1.984861546754837
0.8365864887833595
2.0095779983326794
2.0730895906686784
1.6620649967342616
1.5437389612197876
1.0658996373414993
1.6419454097747803
1.3371275067329407
1.5851505432277917
1.4721510127186774
2.771118479967117
1.730759847164154
1.606139349937439
1.2855080679059028
1.4615247294306755
1.0007678186520934
1.645792979001999
1.8874415755271912
0.9690506428480148
1.7004861392080783
1.7615254297852516
1.5479717403650284
2.156196713447571
1.3926864553242921
1.9202289253473281
1.4243242785334587
1.4324850291013718
1.807174189388752
1.8442238450050354
1.7117949634790421
1.8236542910337448
1.8381440069526434
1.613799189031124
1.1442481309175492
2.7171323895454407
1.1252155110239983
1.9543063193559647
1.5846078284084797
1.3561452686786652
1.5239508025348187
2.259528398513794
1.1136142633855344
1.584105473011732
1.477982223033905
1.5128590643405915
1.8167434640228748
1.3409782186150552
2.0132854491472245
1.5239051580429077
1.3912611305713654
1.577898731827736
2.3883602023124695
1.6458866581320764
1.2587926484644414
1.0057219713926315
1.33664227463305
1.7323896557092666
1.5008803747594357
2.0421957850456236
2.0897779814898967
1.7277584791183471
1.893125294148922
1.2063701331615448
1.5565725453197956
1.4405359361320733
1.8018538624048233
1.257513988018036
1.5139632046222686
1.8587645053863526
2.0671499609947204
1.8882877230644226
1.7081168442964554
1.4607840418815612
1.8002582289278508
2.167621499300003
1.9080251395702361
1.835628943145275
1.182691515982151
1.6175558805465697
1.446110600233078
1.1847956478595734
1.0474688231945037
1.192247247695923
1.94237060546875
0.999205720424652
1.5659349650144576
1.2274072520434856
0.9202765919268131
1.293230053782463
1.5691970899701118
2.1227535024285316
1.648151272535324
1.383666491508484
0.6752477653324604
1.5579368680715562
1.46128289103508
1.4131288178265096
1.409626941382885
1.5181523337960243
0.9264015823602676
1.5647956609725953
1.584583542495966
1.2494627334177495
1.2832516618072987
1.3473712489008904
1.7078213483095168
2.215020179748535
1.46464746594429
1.8733920246362685
1.3538140192627908
1.541751141101122
1.2090250328183174
1.073957659304142
1.8253450751304627
1.9054844975471497
1.310544389486313
1.8472443677484989
1.2951207518577577
1.3217498883605003
1.7517128586769104
1.1835673108696938
1.260551141947508
1.7006575260311365
1.930418187379837
1.5032376170158386
1.6806141214445234
1.3664599657058716
1.193474157527089
1.2330749575048685
1.4910186659544706
1.1226007360965014
2.126209541037679
2.0472100511193276
1.0759197104722262
1.6290943264961242
1.3174043536186217
1.2036992873996497
1.5943681076169014
1.7025304675102233
1.302538424730301
1.4205038607120515
1.874491313099861
2.3174424797296522
1.556462935358286
0.6936978578567505
1.816397523880005
1.5925411403179168
1.0462696343660354
1.3839351400732993
1.7031716048717498
1.747376476228237
1.8774241998791694
1.408994060754776
2.5548740893602373
1.9536177158355712
1.7421928346157074
1.47440767288208
1.535227046906948
1.963841623067856
2.051170977950096
1.6055441960692405
1.0694565251469612
1.6807740420103072
2.1905971080064774
1.3266045410186051
2.0133924521505833
1.8451687470078468
1.875306360423565
1.5006442993879319
1.6055335491895675
1.3878987401723861
1.298452952504158
1.2086590260267258
1.7720553517341613
1.7451141476631165
1.434777870774269
2.0558989722281695
0.7144892513751984
1.8173220470547675
0.8753030836582184
1.9306749939918517
1.5283734679222107
1.2692442361265421
1.5697134763002396
1.0761550210416317
1.474602884054184
1.8001634657382966
1.71062371134758
2.1324790567159653
1.0485279619693757
1.676019901037216
1.1018917977809906
2.4824970602989196
1.9038689315319062
1.2319199062883854
1.0185833856463433
1.899246299266815
1.080258996784687
2.4170368552207946
1.2917295441031456
1.916907751560211
1.4615653306245804
1.6379658997058868
1.3036748696118594
1.888664224743843
1.1912731282413005
2.0706554412841798
1.3525072485208511
2.0955668568611143
1.160061913728714
1.7604695446789265
1.5509734481573105
0.9538473263382912
1.2109822362661362
2.0318892538547515
1.2207572922110557
1.8233436524868012
1.6367312669754028
1.0741217136383057
1.3858230605721473
1.7827832341194152
1.5992892503738403
1.2863266617059708
1.968733550608158
1.6466463387012482
1.0579151853919029
1.3717721931636333
1.5793184224516152
1.8336096823215484
0.9947612307965755
1.8389589190483093
1.5135834515094757
1.606310348212719
2.4135535143315794
1.2633496880531312
1.357819104194641
2.5454511821269987
1.5847991399466992
1.3586297988891602
2.023395690321922
2.10470364689827
1.3171203389763833
1.2996603421866895
1.2758396476507188
1.455955520272255
2.110364815592766
1.4112005442380906
1.579101051390171
1.7229270100593568
1.3298853546380998
1.339759987592697
1.8462323784828185
1.2617773845791818
1.9055535674095154
1.8083753168582917
1.5532132744789124
1.3628173284232616
1.1436983488500119
1.3055776461958886
1.6409488320350647
2.2289359331130982
1.1845855757594108
1.5422377560287714
1.5695250630378723
1.6658813457936048
1.7415811270475388
1.4452463239431381
1.159825325012207
1.3387346759438514
1.4979920625686645
1.9695125579833985
1.8487235218286515
1.912475797533989
1.7054505243897438
1.3526232242584229
1.5028755797073245
0.7363779328763485
1.6358897507190704
1.5392762959003448
1.4989406578242779
1.6467798411846162
1.9092747509479522
1.6067370980978013
1.7694211184978486
1.3169859021902084
2.1071881711483003
2.1077674821019174
1.8262601166963577
1.2676537103950978
1.4098622292280196
1.3553182363510132
1.6371309757232666
1.8089557945728303
1.2635010838508607
1.9517822504043578
1.7857161626219749
2.097237151861191
1.1055416774004698
1.8843381375074386
1.5936445772647858
1.78802532851696
1.1755054131150247
1.575187197327614
1.1202641516923904
1.2447442352771758
1.9617135941982269
1.5601148784160614
1.0518939144909383
1.405247586965561
1.4329867959022522
1.328090636432171
2.2265678882598876
2.131762979924679
1.6837042570114136
1.2910987615585328
1.287463951855898
1.5486867055296898
1.2180597126483916
1.775257757306099
1.7453521147370339
1.6553567349910736
1.625112372636795
1.9251982901245355
1.5779681384563446
2.389021036028862
1.5697633564472198
0.9819561049342156
1.3734858646988868
1.4933123543858529
1.6267423570156097
1.040380062162876
1.4796298265457153
1.1428916070610284
1.4596656501293181
1.4964871615171433
1.7384043782949448
1.8388318210840224
0.8747244127094745
1.5816813319921494
1.5751941412687303
1.5162629887461663
1.4492828875780106
1.4575809419155121
1.9273553401231767
2.1006312727928163
2.09014879912138
1.5339717164635658
1.3750591158866883
1.3627206936478615
2.0610729217529298
0.7914511378854513
1.4260165818035602
1.9975923508405686
2.1646386057138445
1.6549306392669678
0.7813721355050802
1.4572255313396454
0.8823679901659489
1.9138096153736115
1.1949105590581894
1.0453326985239983
1.5745357304811478
1.6468898326158523
1.0751500502228737
1.4618431210517884
0.9037766389548778
1.6477223992347718
1.937549215555191
1.8592777863144874
0.7230120092630387
2.430428411066532
1.6810370624065398
1.4861876726150514
1.3442836225032806
1.7965847164392472
1.2508825838565827
1.6305586874485016
1.2557267807424068
1.1590254858136178
1.0396377384662627
2.139195482432842
0.9526041209697723
1.4794720180332661
1.607744973897934
1.3904165387153626
2.096810722351074
0.9349276088178158
1.1027054453268648
1.2337485268712043
1.1233210653066634
1.2209749437868596
1.1960192188620566
1.8032467504963279
1.4337238252162934
1.4675388634204865
1.026282836869359
1.4274119861423968
1.8280544579029083
1.4752131931483745
1.8102797240018844
1.802189753949642
1.4365119904279708
1.2271757274866104
1.4455044955015182
1.4138880580663682
1.5457174979150294
0.5180885352194309
1.3871974729001522
1.1602505713701248
2.066534471511841
1.1134676203131675
1.3751591980457305
1.0996016025543214
1.0145449057221412
1.7887735344469546
1.4085838317871093
1.3185378476977347
2.0501803278923036
1.2775588512420655
1.3330582108348608
1.4030410669744016
1.5341949120163918
1.8560427248477935
1.5542978212237357
1.5060582965612412
1.2180029720067977
0.993480458110571
1.3841147281229496
1.9199298709630965
1.4782045975327491
1.4095356211066246
1.0292784547433258
1.2260366033762693
1.3103235185146331
1.893242782354355
1.3680429980158806
1.3216201573610307
1.5273697510361672
2.0300918102264403
1.7715188950300216
1.2149990886449813
1.5842745259404183
2.952210745215416
1.3260945498943328
1.5175452634692193
1.4498073130846023
1.2066685378551483
2.255710932612419
1.073922935128212
2.1217266038060187
1.1756761468946935
1.524239146709442
1.6870859444141388
1.9121605515480042
1.2918557941913604
1.3765007138252259
1.4823649235069751
1.7390743911266326
0.9546660508960485
1.859437571465969
1.7723032861948014
1.975418893992901
1.5781922340393066
1.9081900238990783
1.237024661898613
1.7297446459531785
0.8866038084030151
1.6992546439170837
1.4638424947857858
1.721507339179516
0.9511556468904019
1.2714684069156648
2.5006325483322143
1.194510819017887
1.1491901464760303
2.1059293508529664
1.185053863748908
1.699809880554676
2.361027605831623
1.0699585139751435
1.9562558263540268
1.6162584096193313
1.4203021317720412
1.7990734934806825
1.9500774025917054
1.560553704202175
1.028732919692993
1.7123900067061186
2.5767869353294373
1.4799080520868302
1.4364713728427887
1.6790127813816071
1.3974559962749482
1.5479009002447128
1.5894280910491942
1.594359953701496
2.184368252009153
1.3187320590019227
1.3236650615930556
1.5366525979712606
1.7000135436654091
0.7723305866122245
1.2148234680294991
1.7865015983581543
1.7298002377152444
1.290327849984169
1.2475150734186173
0.9863281078636646
0.8216073703020811
1.9206155776977538
1.884285643696785
1.4205845389515162
1.1662698715925217
0.9095885798335075
0.903687784448266
1.7412165820598602
1.4016579017043114
2.091105577349663
1.3682104347273707
1.3777547672390937
0.9237770453095436
1.9123852767050267
1.9098837316036223
1.3149541854858398
1.4392437562346458
1.2298828415572642
1.8454482089728117
1.5880555719137193
1.827186818793416
1.4658134967088698
0.9962146177887916
1.2480008237063884
1.9215735912322998
1.6958683907985688
1.3689385443925857
1.5936424147337676
1.4993668794631958
2.176388293504715
1.7865565150976181
1.2814618051052094
1.4262259900569916
1.28525924757123
2.255993402004242
1.6164189424365758
0.9259138464927673
0.8917453840374947
1.2459675796329974
1.6552143089473248
1.0595051407814027
1.9783962607383727
1.4830624461174011
1.3281473129987718
0.8490551376715303
1.2852098107337953
1.0608806654810905
1.1248383171856404
1.910554254055023
1.1754942402243613
1.139414620399475
1.6849430691450835
1.76922747194767
1.9918839827179908
1.771584104001522
1.7310446202754974
1.429272821545601
1.8155967086553573
1.1886040300130845
1.6560580790042878
2.019272631406784
1.8043478220701217
1.7844189792871474
2.0309849217534066
1.6875750847160815
1.588475449383259
1.9553411558270455
1.8827919721603394
1.5798730138689279
1.357901495695114
1.01499947309494
2.075249096751213
1.6075229503214359
2.0983610965311525
0.9140561431646347
1.0102031975984573
1.6458716481924056
1.160378485918045
1.9946866571903228
1.1644570410251618
1.475844034552574
2.014513063430786
1.4336738109588623
1.1329299211502075
1.2798311680555343
1.2875491559505463
1.3642367660999297
1.778764808177948
1.9492346137762069
1.5368216961622239
1.4419898241758347
1.6216981828212738
1.1134835571050643
1.260688702762127
1.2695440232753754
1.473307591676712
2.328109246492386
1.0662229508161545
1.7517464488744736
1.3490856014192105
1.1236754704266787
2.718540096282959
1.708352829515934
1.1381620988249779
1.59288696795702
1.8085451230406762
1.6683436512947083
1.733563918620348
1.8107118099927901
2.316574662923813
1.542954507470131
1.4361205339431762
1.5211794838309287
1.5118663758039474
1.628240805864334
1.260541605949402
1.5716750860214233
1.611977707594633
1.215129591524601
1.2171373285353184
1.8294944800436497
2.0976230606436728
1.6026837289333344
1.5880427718162538
1.3665116474032402
2.0559560775756838
1.4657190434634686
1.539328321814537
1.7044279053807259
1.1181453868746758
1.9816963717341423
1.7687629900872708
1.2572918653488159
1.9153958052396773
1.5708393938839436
1.3575768232345582
1.6963810473680496
1.3542538613080979
1.2477774612605572
1.180424579977989
2.043730190396309
1.31308865994215
0.8997179388999939
1.2584709912538528
1.3766964618116617
1.7245624274015428
1.4488122925162314
1.2634133994579315
2.3462485402822493
1.386138316988945
1.5849489241838455
1.8049872279167176
0.8565577574074268
1.3394262231886387
1.0827604113146663
1.3244287315756083
1.2692483864724635
1.8502882082015275
0.9658494636416435
1.1153608191758395
1.3153200963512064
1.2018718954175711
1.359538497403264
1.5159647434949874
1.121049589663744
2.2664918527007103
1.0173906847834586
1.555570262670517
1.168030359968543
1.8477826822549104
1.7962842542678117
1.5634405612945557
1.7901820540428162
1.439624446630478
1.3913610965013503
1.3796915262937546
1.2414867028594017
1.7664890795946122
1.4861672036349773
1.078382846713066
1.7162569016218185
1.7877582570537924
0.9612194284796715
1.9540943413972856
1.8500659614801407
1.0546821124851704
1.3635727718472481
1.6965102597139776
1.308637011796236
1.4895223647356033
1.4048991560935975
1.790181502699852
1.611592174321413
1.607851082086563
1.097472931444645
2.0950711488723757
0.9958113074302674
1.8473901934921741
1.210408952832222
1.17159765958786
1.7198312163352967
1.2036826476454734
0.7031465649604798
1.3588291272521018
1.7811526387929917
0.9610068267211318
2.0001728534698486
1.8841591417789458
1.0419867545366288
1.4856097489595412
1.8252228885889052
2.4370561890304088
1.1520105361938477
1.3003246515989304
0.9706502631306648
0.832844689488411
1.6957889874465764
2.150126691441983
1.4624268501996993
1.1152758792042732
1.6697097361087798
1.2992390483617782
1.7433755651116372
1.3440568439662457
1.8847992569208145
1.5613047040998935
2.2257994674146175
1.3114165186882019
1.0250935435295105
1.0453474335372448
1.6778690725564958
1.4391137182712554
1.1137653112411499
2.1723637640476228
1.210186405479908
1.8376270517706872
1.5342751674354076
1.199280341900885
1.4701282769441604
1.826813167333603
1.9805024698376656
1.5166820853948593
1.049539190903306
1.452099609375
2.0689432322978973
1.1297918260097504
1.7824659481644631
1.5497731298208237
1.0852282620966434
1.6131511181592941
1.1450767129659654
1.3659627191722392
1.2657585926353931
2.2479998886585237
1.1443373531103134
1.1746646769344806
1.5595610074698925
1.0890523716807365
1.1152915693819523
2.095400242507458
1.1198753491044044
1.1311822593212129
1.062912406027317
2.5936496153473856
2.2156242072582244
1.1950178071856499
1.1125391960144042
0.9411011651158333
1.058411854505539
1.2667165219783783
1.7538982570171355
1.6135665416717528
1.2099980860948563
1.170354762673378
1.3487800732254982
1.4842530608177185
2.271173503994942
1.3128828812390565
2.4064308166503907
1.6348972380161286
1.049150037765503
1.8460680037736892
1.9186851672828198
1.672065608203411
1.307567597925663
1.642402371019125
1.4720214903354645
1.6831397436559201
1.4765255272388458
1.484556883573532
1.174391546845436
1.4779611721634864
1.2412895791232585
1.379067349433899
1.9942546337842941
1.5685379669070243
1.0264778271317483
1.5854924023151398
1.4967695653438569
1.2981165369972587
2.092348852753639
1.5880230080336333
1.1237173199653625
1.2430667340755464
1.1572530940175056
1.2692848205566407
1.2402021989226342
2.1746728092432024
2.1472076952457426
1.248440681397915
1.5724400967359542
1.2945594578981399
1.8970526814460755
1.4919045373797417
1.2011365056037904
1.63493869304657
1.4269520360976458
1.3405188828706742
1.1355749830603599
1.3042722284793853
0.9918594285845757
1.7922380208969115
1.1328027725219727
1.5583052515983582
1.6095531672239303
1.5665120117366313
1.3243468798696996
1.8724149748682977
0.9012579195201397
1.3731945052742958
1.8080552205443383
1.3329993158578872
1.3416607171297072
1.3943155020475388
1.3442250221967698
0.8417753368616104
1.3562544852495193
1.2092939794063569
0.9785891871899366
1.648255805671215
1.912994420528412
1.2005295991897582
1.353073711693287
1.2116503685712814
1.476099330186844
1.1977714866399765
1.6101210437715054
1.77703725323081
0.6814992763102055
1.599688296765089
1.6106993764638902
1.2122417397797107
1.5052180618047715
1.8799471139907837
1.3856325507164002
1.154437680542469
1.8406109035015106
1.303515506722033
1.2473050758242608
1.7754598081111908
1.7914340496063232
1.6919699877500534
1.744912026450038
2.2211292684078217
1.3870819151401519
1.0907144114375114
1.58114462941885
1.2055706202983856
1.2712361887097359
1.7115717768669128
1.7501600503921508
1.196527373790741
0.85057884901762
1.539919337630272
2.571782986819744
2.461233156919479
1.5221613764762878
1.7285096287727355
1.5785913169384003
1.0227483961731196
0.9231252938508987
2.0145100891590118
1.5535849541425706
0.9422804571688175
1.4553825736045838
1.0834878534078598
1.8409471295773983
1.2950693041086196
1.5908261239528656
0.9605006307363511
1.5572300169616937
1.6913518510758876
1.2415387582033872
1.1216899337247015
2.4773694396018984
1.125301358103752
1.1376679617911578
1.6395519003272057
1.6261254003271461
1.3664629340171814
1.4592697471380234
1.4848572850227355
1.5232084453105927
1.1796802908182145
1.277543094754219
1.5010258980095386
1.290826253592968
1.2382010236382484
1.2203912384808064
1.2574432402849198
0.9040341569110751
2.1541654646396635
1.5602863490581513
1.39120055437088
1.5791785914450884
0.8820897774770856
1.118630787730217
1.3183333605527878
1.4003199175000192
1.333606731891632
1.3994115740060806
1.0640931129455566
0.9921747997403145
1.430205973982811
1.827850179374218
1.5464752107858657
1.52562275826931
1.511582499742508
2.496905692666769
1.498045164346695
1.184255338832736
1.5913715541362763
1.320290906727314
1.5739295944571494
1.329430988430977
1.5825229734182358
1.762888216972351
1.985991781949997
1.9383926808834075
1.4233925268054008
1.4256674826145173
1.4448614686727523
1.5862238973379135
1.9336518883705138
1.3062774509191513
1.190097877383232
1.7483142130076885
1.4572943508625031
1.3551908060908318
1.5193992178887128
1.30666975826025
1.2764884695410728
1.737506601214409
1.456715813279152
1.6670215457677842
0.8068918954581022
1.8476016402244568
1.6759354263544082
1.1918039564043283
1.7369378179311752
1.393811859190464
1.4645696714520455
1.6000057399272918
1.4489373356103896
1.3019158475100994
1.1326471805572509
1.1788817159831524
1.427574673295021
2.4424230426549913
1.3301381006836892
1.0078697353601456
1.816964458860457
0.9519349455833435
1.5743019521236419
0.47996984189376235
1.3872483767569066
1.4960925565101206
1.0793642029166222
1.2958994045853616
1.302377101033926
1.2666311271488666
0.9362247690558434
0.6470045376569032
1.3278262883424758
1.5506608814001084
1.2471870616078378
1.4777817726135254
1.7437354680150747
1.8553849577903747
1.94078752361238
0.9247246742248535
1.3613667257130146
1.3560289729386568
0.9016786710359156
0.7915481612086296
1.1591640040278435
2.134719678759575
1.9972094163298606
1.2847531836479902
1.3911552548408508
0.7792604096233845
1.3891610264778138
1.1750741336494683
0.8404269974678755
1.598982599377632
1.1996475495398045
0.99706263076514
1.6363402247428893
2.1562478087842463
0.6694564308039844
1.8217362329363822
1.7156117575243115
1.6374347344040872
0.5951572708785534
1.550967475771904
2.0031647212803363
1.8095251083374024
1.5027039617300033
1.3818881064653397
1.4634634971618652
1.0954263683408498
1.57997208237648
2.086829721927643
1.5982287406921387
2.162051650881767
2.1711691558361053
1.5163063168525697
2.789436161518097
0.7611171443015337
1.303113174624741
1.2406996548175813
0.650361531227827
2.0773468405008315
1.5345302194356918
1.4569621592760087
1.436837063729763
1.1626520991325378
1.3889964893460274
1.6306205183267592
1.2411426790524274
0.747871458530426
1.271142566204071
1.5459516912698745
1.6861266553401948
1.5941649407148362
0.889720743522048
1.2456173539161681
2.4576831698417663
1.9274557113647461
1.3253239035606383
1.789767825603485
1.2604134492576122
1.4575999319553374
0.7993750255554914
1.8978133529424668
1.929714486002922
1.1640485256910325
1.0107437159866095
1.672981794178486
0.9424824975430965
1.211207377165556
1.9926108121871948
1.7629497073590756
1.668484728038311
1.5016096740961076
1.3714576829224825
0.9562398325651884
1.461347523704171
1.6097093015909194
1.3731220662593842
1.4865105770528317
1.4617221474647522
0.905718918144703
1.4391822442412376
1.044387742318213
0.9323789119720459
0.7856882572174072
1.1902713991701603
1.7752498716115952
0.9649075340479613
0.8978505864739418
1.461444428190589
2.024603456258774
1.2624212667346
0.9091568022966385
1.4177344352006913
1.2904563784599303
1.9486189872026443
1.0303689166903496
1.644877491146326
1.157829013466835
1.2864753043279051
1.117417659983039
0.9866085439920426
1.6050755748525263
1.7530524894595145
0.979880204051733
1.7791838347911835
1.049331271648407
1.9044276192784308
1.1864332646131515
1.0442223309073597
1.3437861546874046
1.941484346985817
1.3531601190567017
1.7461408793926239
1.4475955789908768
1.0669415690004826
1.8889405220746993
1.2186966851353644
1.471278762817383
1.2492251455783845
1.6693266367539763
1.362919133901596
2.117362676560879
1.5782162249088287
2.018412929773331
1.7100105345249177
1.0896300077438354
1.0857112601399421
1.2575105756521225
1.8434993896633387
1.0058359116315843
1.3362572222948075
1.4980096340179443
1.6532408513128758
1.8559551000595094
1.7585390243679284
1.3039689686149358
1.4743082508444787
1.5828839018940926
1.4649495244026185
2.127872790209949
1.3043761640787124
1.3036329843103887
1.7347338587045669
1.6154511954635382
0.8135743923485279
1.3709119006991386
1.5484188497066498
1.234379854798317
1.1534665286540986
1.8630235429853201
1.6546872586011887
1.3628770995885133
2.0120734870433807
0.8752505779266357
0.7147820487618446
1.1886400789022447
1.2570397552102803
1.405977874994278
1.4047222485765816
1.6795975714921951
2.100440065562725
2.32641019821167
1.7473163932561875
1.005861814133823
1.6373329490423203
1.1531234972178936
1.584377247095108
0.6251626515761017
1.9117666184902191
1.701233297586441
1.4485627368092537
1.444545068591833
1.6837705969810486
1.337851596623659
1.2924852140247822
1.2163735389709474
1.1234804749488831
1.8172479324042796
1.3141876995563506
1.1187747210264205
1.4753562964498996
1.5834415873512626
1.0387129962444306
0.671832324936986
1.0302576947957278
1.3028469130396843
1.7542948558926583
1.3115578167140485
1.0999300345778464
1.1362892121076584
2.1005602583289145
1.8357183545827866
1.2941475071012973
2.440088653564453
1.2275214172899722
1.500168983079493
1.6414964973926545
1.203421624749899
1.2203732304275037
2.2908436834812163
1.422710047662258
1.2562480583786964
1.2965972036123277
1.4050358332693578
1.5088269535452128
1.619783666729927
0.9821615502238273
1.5565728768706322
1.9045945405960083
1.6503711640834808
0.7817509928718209
1.9358973890542983
1.6386093586683272
1.88827757909894
1.5863970458507537
1.6925088852643966
0.7271625369787216
1.5600404746830463
1.1189299464225768
1.3586906969547272
1.1210098624229432
1.0118606716394425
1.4554311096668244
2.2648823276162147
1.154608716070652
1.3407299041748046
0.7871001301333308
1.4592178136110305
1.5720094636082649
1.2539850518107414
1.278867468237877
1.1723625376820563
1.5621290341019631
1.0588523149490356
1.2328186169266702
1.4726027436554432
1.737143263220787
1.316084480844438
2.0151371762156485
1.4033081635832787
1.8801823183894157
1.55002361536026
1.1169363480061292
1.3975041382014752
2.0442076325416565
2.0058053717017175
1.6680735412985086
1.6726684338413178
1.8080551028251648
1.495637970417738
1.42526442296803
1.4535959854722023
1.104210090637207
1.6006546288728714
1.742314377427101
0.9868697302415967
1.2053220819681882
1.0931886850390584
1.5720894731581212
1.8027912942692637
0.7787302955985069
1.384159984253347
0.8250485515221954
1.4663432437926531
1.7831612441688776
1.0872594852000474
1.1972555220127106
1.3337439343333244
1.017664296925068
1.2174119770526886
2.2307837188243864
1.8167719304561616
1.8391351491212844
1.5182005934417249
1.2616841852664948
1.9541741274297237
1.4652614265680313
1.1969981387257576
1.1849508862942457
2.510180044174194
1.5885838855057954
1.227105617057532
1.76777453571558
1.2387880980968475
1.3452943503856658
1.458015149831772
1.2370169520378114
1.3206155002117157
2.225877457857132
1.105371893942356
1.189152068644762
1.4695003107190132
0.4560501048341393
1.0993471886962651
1.495928892493248
1.2213507384061812
0.9205665996298193
1.4551250480115414
0.978891359642148
1.8527705118060112
0.8775015838444233
1.1437206536531448
2.5173505187034606
1.1200301945209503
1.1891718730330467
1.6908519566059113
1.4585734933614731
1.8170266095548868
1.4958749094977974
1.7436793487519027
2.000029143691063
2.3502998828887938
1.7259003877639771
0.9450762894004583
1.2768950160592794
1.2505917565897107
1.6295039132237434
1.3714807613752782
1.1247796084731818
1.330423255264759
0.7624943844974041
1.2990964770317077
1.618139100074768
1.810295730829239
1.3017509944736958
1.626196599006653
1.0843530610203742
1.8307947039604187
1.4487712576985359
1.1538417778909207
0.6107880391180516
1.1389060068875552
2.0141967654228212
1.6908979952335357
0.8746723830699921
1.7252807080745698
1.1038151368498803
1.8233874082565307
0.7586161501705646
1.38944109082222
2.060419552028179
0.5566520631313324
1.0742729363963008
1.6852464372292162
1.8363822996616364
1.399974974989891
1.2897766206413508
1.596970684081316
1.442897643521428
1.4820687167346478
1.434632316790521
1.0047962622717024
1.404020692408085
1.2110922649502753
0.9225163863971829
1.11134038195014
1.2651210576295853
1.2418290615081786
1.75650355219841
1.5974237844347954
0.6340228147804737
1.5975779805332422
1.240110856294632
1.6334583699703216
1.7359734326601028
1.5776412568986415
0.8120270565152168
1.2691296920180322
1.1080610323697329
0.8950280954129994
1.6244016114622355
1.6369313135743142
2.2053171306848527
1.452022558450699
1.1065484624356032
1.256030660867691
1.5262411152943969
1.4265409113373608
1.594713001162745
1.0587618220597506
1.3189179442822934
1.1102200724184512
1.1431597948074341
1.3429747408255934
1.065808690339327
1.3555138200521468
1.4600139737129212
1.8058599600568415
1.4818941459059716
1.685836461186409
1.3264084786176682
1.073013509809971
1.3311515308916568
1.5790527939796448
0.9139771044254303
1.0980858370661735
1.1730393171310425
1.8618148371577263
1.1415678847581148
1.4166662339121103
1.3148938506841659
0.9284853421151638
2.010674500465393
1.1551639601588248
0.9132404066622257
1.213044884800911
1.3891533106565475
2.0837190449237823
1.1510039903223515
1.545467586070299
2.152858208119869
1.0223317969590426
0.7863140784204006
1.5497848704457282
1.7937604244798422
2.222964718937874
1.8931398458778859
1.206324103474617
1.6184027343988419
1.2200974196195602
1.014891855418682
1.5765247598290444
1.043651807308197
0.9914806425571442
1.070563260652125
1.8491437613964081
1.4399281721562147
1.6143408000469208
2.2595944672822954
1.341810504347086
1.3466141156852245
0.835961538553238
1.025739535689354
1.6105616800487041
0.724586233124137
1.0821861296892166
1.2377590470016002
1.0722913213074208
1.221969935297966
1.9280604422092438
1.360631375014782
1.0561669726856053
1.534764938801527
1.1609483752399683
1.271540730819106
1.4916062735021114
1.4515584437176585
1.6599405318498612
1.9931087017059326
0.5816851548850537
0.7360735040158033
1.4607171738520264
0.7666069654747844
1.302414995059371
1.063893087208271
0.8062170997262001
1.4137604475021361
2.3003999412059786
0.8445889101363718
1.7279954938217998
1.6601219683885575
1.3782427191734314
1.773617434501648
2.2107919991016387
1.6387290693819523
0.9635890603065491
0.9672867976129055
1.347356505319476
0.6968479581177235
0.7196101397275925
1.7808317989110947
0.9847988590598107
1.113866177201271
1.6645345890894532
1.9426336087286473
1.6245189890265466
1.5742290616035461
1.310094977170229
1.4629262445494533
1.0947391910478472
1.6077459305524826
1.628290092945099
0.8305601090192795
1.180245727300644
1.1317625805735587
1.7877083860337735
1.3733847975730895
1.5600750491023063
1.5782709091901779
1.533847452700138
1.704416812956333
1.3513504624366761
1.4676151467487215
1.172902363538742
1.896584777906537
2.1651462644338606
1.425643664598465
1.2116813629865646
1.7588353915140034
0.8792323406785727
1.0623357445001602
1.4880379021167756
1.0387088038027286
1.6567429810762406
1.0483211427927017
1.1172398678958415
1.4670797750353812
1.59178796261549
1.299379250407219
1.5222276313230396
0.9127241522073746
1.7811511695384978
1.235946062207222
1.741880889236927
0.8328509584069252
1.7190396686084568
0.9895534846931696
1.0160753805190326
1.7111413003876805
1.0678183373063803
1.292345368862152
1.6462072856724261
1.587988144159317
0.9961243208497763
1.4534164614975453
0.8842548996210098
1.6341019205749034
1.0503836497664452
1.2478547492995857
1.9364123493432999
1.0657976664602757
0.9476838354952634
1.587748619914055
1.2941931560635567
1.1681040212512017
1.3820295542478562
1.3360565636307
1.0789954975247382
1.728062480688095
1.820121815800667
1.6254944920539856
1.555043382011354
0.5242399869486689
1.5476817548274995
1.5953068889677524
1.69865041077137
1.0220446586608887
0.9129575782455503
1.427661606296897
0.898044228926301
1.5226788610219955
0.8900465711019934
0.7223849065601826
1.3390938811004163
1.8263313859701156
1.2602770268917083
1.0687313824892044
1.293820108473301
1.4689213875681162
1.297468902170658
1.02794042378664
0.9917549148201943
1.4082311004400254
1.3158922761678695
1.1141392126679421
0.8893852878361941
1.5323251008987426
1.351915492862463
1.039314571209252
1.7120816558599472
1.2410689897835254
1.3537833720445633
1.2043063469231128
2.0539446800947188
1.0326356112957
1.3088294357061385
2.137560763955116
0.6925957057625055
1.1554549552500248
1.1413081780076026
1.87727688588202
1.6054904927499591
0.9185336880385876
1.805555707216263
1.8239290475845338
1.003795178234577
1.9151279166340829
1.2897894233465195
1.4865089885890483
1.0995466694235803
1.3306373108178378
0.9185285119339823
2.0851061403751374
1.5065424576401711
0.9254806637763977
1.5833640605211259
1.4151198282837867
1.4785530023276805
0.9849524639546872
2.2221867367625237
1.6871817708015442
1.0414562456309795
1.0647982999682426
1.3174704998731612
1.6155581712722777
1.4586932808160782
1.613325610756874
2.0848487254232166
1.5151353299617767
0.9105731724761427
1.0934033798053862
1.4734450906515122
1.6018424659967423
0.9679179586470127
1.743246865272522
1.1533263571560384
1.4578717656433582
2.179471583664417
1.5973379120230675
0.9437142696231604
0.8255180109292268
1.2612019672989845
1.276584081351757
1.3910632411018014
1.3618838667869568
0.9888512760400772
0.701434350758791
0.9368825975805521
1.4830029547214507
2.008476957678795
1.3622495025396346
1.6513505071401595
1.3672105699777604
0.9570658627897501
1.9609884198755025
1.4490876495838165
1.435300400108099
1.1310135886073112
1.429639956355095
1.593011412024498
1.1694447115063666
1.1106008366681634
1.3114883132278918
0.9244226038455963
1.4821935802698136
0.767551077902317
1.6701398238539695
1.5492695908993483
1.6765211373567581
1.360919862985611
1.7197652757167816
1.268964472413063
2.2001844882965087
1.3477162063121795
1.1746295481687412
0.8636930401902646
2.2783185601234437
0.741712053027004
1.572464160947129
1.601150593906641
1.6589389145374298
1.189958855509758
1.5388113856315613
1.1072059132158756
1.904823336750269
1.5383130431175231
1.4638658136129379
1.426619140803814
1.4733733415603638
1.6633068382740022
1.3597066149115562
1.586134061217308
1.5057554945349694
1.3727388560771943
1.4576376333832741
1.8980797231197357
0.8182931244373322
1.0899509955197573
1.4610747158527375
1.5102278530597686
1.6642370514571667
0.9419931769371033
1.3671132508665322
1.7241624644026161
1.3332072086632252
1.1955701172351838
1.0987289158627391
1.9121762216091156
0.9368703335523605
1.3570061892271041
1.530806878209114
2.1848662734031676
1.7949650466442109
1.5267285011708736
1.1142979219555855
1.592413341999054
1.3222560346126557
1.81342094540596
0.8669678073376417
1.3842496991157531
1.453130769636482
1.321077162027359
0.9796400159597397
1.2673458896577359
1.5848434388637542
1.702179914712906
1.4394492611289025
1.0826599061489106
1.3514803970232605
1.2254149839282036
1.5728408075869083
1.1895613878965379
1.1194046914577485
2.25394107978791
0.6645835742354393
2.2815577030181884
1.592563787009567
1.2673697993159294
1.9112249612808228
1.6571189481765032
1.6697478502988816
1.2012818299233914
1.582942323386669
1.7991074830293656
0.9754588536918163
1.1636606097221374
0.9949947118759155
1.2205620355904103
1.167583094537258
0.8519713005051017
0.8459709230810404
1.9878569956868888
1.5292448339983822
1.286947712302208
1.5268070682883264
1.2415390759706497
1.2275198876857758
1.1213501928374172
0.9608016707003116
0.7899676024913788
1.9273741856217383
2.1733825609087942
1.455082680284977
1.4093395501375199
1.3952673830091953
1.6326602160930634
1.0080850005149842
0.8510520540177822
1.6703454613685609
1.3218590810894966
1.5729686319828033
2.3066280752420427
1.1400665372610093
1.8692096635699271
0.9015210673213006
1.330476576089859
2.3744462728500366
1.4134665098041297
2.0107963242102413
1.090785090625286
1.0290966480970383
1.1623971305787564
1.33508043885231
1.3740917060524225
1.5748685136437417
1.5203048557043075
1.0120262145996093
2.0122535705566404
1.1051332965493201
1.198350240662694
1.435646665096283
2.3568635880947113
0.7601285666227341
0.6741944719105959
1.3751682449132203
0.9797758758068085
1.5744520425796509
0.8721501430496573
1.6409512758255005
0.8357410807162523
0.9774655573070049
0.9011633232235908
1.3153946220874786
1.472433815151453
1.770668239891529
1.2508971743285655
1.6676916915923357
1.470189205603674
1.0917185120284558
1.1485996916890144
1.8424776583909988
1.2729971054941416
1.5930657155811787
1.4266259729862214
1.479423850774765
1.1679742515087128
1.3086617033928634
1.8207117378711701
0.854257519543171
1.1876360014081002
1.9903897136449813
1.5618892461061478
1.2406931035220623
1.2968174938112498
1.31879448518157
1.8498219192028045
0.9416570983827114
1.7842298656702043
0.8900416567921638
1.0262036889791488
1.2785086721181869
1.7082698106765748
1.3098804265260697
1.4326378213241697
1.059831414371729
1.815982076153159
1.6221808061003684
1.8684702813625336
0.6451965317130088
1.8355407297611237
1.4252379316836596
1.5677997797727585
1.359368246793747
1.5959884613752364
1.6115214079618454
1.701149132475257
0.9951765544712543
1.3324150077998638
1.2737279862165451
0.6605927623808384
1.7851486071944236
1.549127359688282
1.3994560346007348
1.7023306168615817
1.1526306390762329
1.5065113492310047
1.809470969438553
1.9395498752593994
0.758722551073879
2.3345567429438234
0.7731935095041991
1.5123097233474254
1.1607375413179397
1.3600514605641365
0.8341942191123962
1.2405519671738148
1.1755940899252892
1.0057971745729446
1.1353634178638459
1.4145437182858587
1.1751202702522279
0.7610894374549388
1.1884769409894944
0.8578236729837954
1.9273637948557734
1.2844078421592713
1.0352552097290755
1.3337288353592158
1.6629584543406963
1.6194845832884313
2.150776395201683
2.064733943156898
1.6835375100374221
1.918672540783882
0.5629426952451467
1.7812577430158854
1.4470468774437903
1.0811344392597675
1.5389508679509163
1.5563496068120002
1.587484782934189
2.9379732698202132
0.7535853825509549
0.859773265523836
1.1971161752939223
1.150650617480278
1.7279915809631348
1.2728568214923144
1.8042451918125153
1.5849589541554452
1.6385272324085236
1.1063334112986922
1.2534425029531122
0.6523293618112802
1.9570025485008955
0.9596295654773712
2.2554531060159206
1.3769950240850448
0.9580856174230575
1.6172165676951409
1.296750896424055
1.3970250844955445
2.1245991587638855
1.4759246487170459
2.409752231836319
1.2574128180742263
1.67667376101017
1.0248891993425786
1.7264703899621963
1.4580766439437867
0.8653574418276548
0.7462679095566273
1.6507566928863526
1.3624901772476732
1.5326624728739262
1.061664542555809
1.4528606295585633
1.6677276164293289
1.8581161737442016
1.146435059979558
0.8914759960025549
1.11506639868021
1.240943778678775
0.8115403421223164
1.4284496080130338
0.7796283908188343
1.6079340048134327
1.187462317943573
1.408525536209345
1.5944733262062072
0.8753870841115713
1.2048448950052262
1.113730674982071
2.2708050131797792
2.060769684612751
1.3111281018238514
1.2893784105777741
1.5674958273768425
2.0296457588672636
1.3710616625845433
1.3099968999624252
1.2970716908574105
0.7126518517732621
0.6908092133700847
1.0918640404939652
1.495774269104004
1.498129491508007
1.167575480043888
1.0124523595906794
1.1232432011514901
1.1321722473949194
1.3664629766717553
0.9822435192763805
1.3239801581948996
1.1867927365005015
0.9569155164062977
1.8350203692913056
1.281672877073288
1.86668049544096
1.132777204364538
0.9319647759199142
1.6600173562765121
1.7404373168945313
1.324250413477421
1.4374648496508597
0.8938782691955567
1.0323727130889893
1.092322400212288
1.8242657870054244
1.3945939719676972
1.4027023389935493
1.5093267001211643
0.8796361576765775
1.573486342653632
1.167009460926056
0.9819377414882183
1.0576811090111733
1.2481700092554093
1.6772591114044189
1.382978221029043
2.302756576240063
2.159921941161156
1.6843535363674165
0.907517197355628
2.0050818376243114
1.7160164549946786
1.325840175151825
1.4909622274339198
1.7227639734745026
1.7279738664627076
0.8395086448639631
1.5778620421886445
1.402661268040538
1.9249020844697953
1.3413496240973473
0.8184270597994328
1.8504868119955062
1.0436294943094253
0.7852613627910614
1.5389905162155628
1.1531699538230895
1.0266188241541385
1.3640028275549412
1.426515707373619
1.2192988991737366
1.0097347289323806
1.0130084907636046
1.9635075356811285
1.4758446037769317
0.6721298463642598
0.8421440400183201
0.8834733188152313
1.4126812875270844
1.2778392273932695
1.4971828810870647
1.912358782812953
1.662404590845108
1.396265161037445
0.9389156810939312
1.0292399482801557
1.3707462027668953
1.3759156465530396
1.1666093844920398
1.8214664041996003
1.546897727251053
0.5701626702211797
1.6248712406493724
1.802221317589283
1.5205109298229218
1.2496315766125918
0.8028881143778562
1.8277839720249176
1.529714047908783
1.7619910836219788
1.1240808855742217
2.088093490898609
1.5608292073011398
1.4498912930488586
0.9995495468378067
1.3705861849710346
1.0894623339176177
1.5268443237990141
0.614532888866961
0.7844232194125652
1.8817046284675598
1.8553884640336036
0.9581184640526772
1.0931977406144142
2.0744912751019
1.7817433536052705
1.044101284444332
1.4051663186401129
1.2893016934394836
1.4325646102428435
1.41148384809494
1.2213375844061374
1.0614242568612098
1.5041084062773735
1.3674567371606827
1.116225328668952
0.5833648130297661
1.433768066763878
0.9091742629185319
1.032941043190658
1.2486926577985287
1.1823561969213188
1.602619349397719
2.8655210077762603
1.295647782832384
1.354905468225479
1.543154315650463
0.9840455502271652
1.034499654173851
1.6329349428415298
1.2571956872940064
0.8190204475075007
1.2561052571050824
1.1869311571121215
0.6322158483788372
1.2206553146243095
1.4935127422213554
1.0136534365825356
1.5929939918220044
0.9481911860406399
0.8285450158640743
1.2022861778736114
0.7615354336798191
0.9618272826075553
1.3409446079283953
1.2987799167633056
1.110152031481266
1.4472782066091896
1.0834359318017959
1.6365590497851372
1.688875676691532
1.6784658566117288
2.1487453781068324
1.0393447190523148
1.2041652403771876
1.8040063127875328
1.4057611025869847
1.3648033171892167
2.258595071732998
1.5463621273636818
1.8255651950836183
1.4324213810265065
2.1771200105547903
1.7012770012021066
0.9103019446134567
2.140620849095285
1.3514614067971706
1.014383779466152
1.5209672652184962
1.6587059766054153
1.3629198737442494
1.2070692226290702
1.2027006585150957
1.8715967005118728
1.9782853923738002
1.609520137310028
1.8193462803959846
1.393548671901226
1.5709875997155904
1.5226496525108815
1.6245362728834152
1.3105487495660781
1.412435583025217
1.694142786413431
1.1860112115740775
1.35029355622828
0.7528472939506173
1.3217086248099803
1.2931679890956729
1.9101717203855515
1.1803975865244865
0.9745613273233176
1.6501966916024684
0.9550333369523287
1.1376109648495913
0.913597047328949
0.8700144067406654
1.6524533383548259
1.3325986221432686
0.7106945719569921
1.4394974561408163
1.7294778242707252
1.9163229832425714
1.78275508582592
1.2692005336284637
0.8119424119591713
1.0934808686375619
1.0514313366264105
1.3815595187246799
0.9432134076952934
0.9234795728698373
0.9323441941291094
0.8695576623082161
1.7330145571380853
1.1423552304506301
1.1035207957029343
1.510820934176445
1.3086065582931041
1.61755378395319
1.0015060849487782
0.9447913333773613
1.4617093205451965
1.157421078160405
1.553071004897356
0.9791692286729813
0.8826533950865268
1.0551669150590897
0.8704920008778572
1.4813464999198913
1.825993686914444
0.6046425241976976
1.7696786969900131
0.8146182477474213
1.527056286856532
1.4685053572058677
0.9737529341131449
2.242803227901459
1.7241295903921128
1.0610544349998237
1.7753113895654677
1.1798487558960915
1.2612203389406205
1.9628995522856711
1.4429056882858275
1.3087802991271018
0.6514283463358879
1.2485064715147018
1.7359781764447688
1.4217461168766021
0.6472220931202173
1.1711212012916803
1.191111582517624
0.9375403786078096
1.5138400763273239
1.311055065691471
1.6114827752113343
1.2375913575291633
0.9495819405652582
1.256778360530734
1.2901197984814643
0.8330938968341798
0.654117772076279
0.9226673675701023
1.5876029193401338
1.2423216342926025
1.579016664624214
1.424684526771307
0.6898884049616754
1.2418572142720223
0.7722186829894782
2.083024424314499
1.3105424061417579
1.3084681510925293
1.015778161585331
0.9375281661748887
1.5298808097839356
1.2006720036268235
1.2864208549261094
1.7115961704403162
1.441050323843956
1.2181099034845828
1.2340943813323975
1.1309320276603103
0.9724863450974226
1.2583225294947624
1.4445713594555856
1.4025811776518822
1.460485766455531
1.641654646396637
1.3179463490843772
0.5953436650335788
1.1039080694317818
1.1304762531071901
0.6783425021916628
1.101981685962528
1.436474435031414
1.1822041697800159
1.5334575559943915
2.11977796535939
1.0921884268522262
1.0348133146762848
1.291380847990513
1.4021239817142486
1.5850890308618546
1.1025881946086884
1.32351695895195
1.0936482846736908
2.0278057247400283
1.437730988766998
1.1262382775545121
0.8727600667625666
1.487720999121666
1.1720816444605588
1.179411581903696
0.7066681414842606
0.6258339088410139
2.745335412025452
1.7175581961870194
0.5756681457161903
1.6813711166381835
1.6716583311557769
0.9456368599087
1.0184615224599838
1.7064569115638732
2.2290610760450362
0.959883163869381
0.999026694893837
1.4677471801638604
2.010918735340238
1.1532003313302994
1.180600994825363
1.0100782230496406
1.765608438849449
0.915605715662241
1.4444613039493561
1.5397461250424385
1.306227232515812
1.2374833760783077
0.881716950237751
1.0102247748523951
1.3891556322574616
2.387249565124512
1.2486440733075141
0.9159272272139788
1.3998434957116843
1.1659878872334957
2.0946582667529583
0.9806957494467496
1.2094701956957579
1.0352568086236715
1.3169334352016449
1.179000234603882
1.5804285913705827
1.3864920824766158
0.9958610743284225
1.4745104968547822
1.8959230342879891
1.2989973541349173
0.8489984199404716
1.6995696828700602
1.3101468145847321
1.606015709042549
1.8297782719135285
1.6088722869753838
1.5428746849298478
1.2034052789211274
1.169496449828148
1.2486509941518307
2.190058593451977
1.4559469521045685
0.7270194128155708
1.868875091522932
0.9911402732133865
0.8896921931765973
1.2193966329097747
1.4178881123661995
1.35025475025177
1.3788028478622436
1.1829595178365708
1.172280001733452
1.3591415002942084
1.443638026714325
1.0915584418224171
1.736956498026848
2.2952962785959246
0.8160884886980057
1.699760386440903
1.09574314057827
0.7954932600259781
0.9589644744992256
0.9972977638244629
1.962543112784624
1.3728125803172588
1.3119217321276664
1.2874688569456338
1.878509698063135
1.9444664657115935
0.9923080774024129
2.2555298663675787
1.5208287991583347
1.5522066846489906
1.904022854566574
1.7321004152297974
1.1470660902559757
0.9342926476150751
1.539536452293396
1.0623827159404755
1.3217718616127967
1.8763553857803346
1.2449482150375843
0.9039017602801322
1.1987563837319613
2.5983356326818465
1.4567354530096055
1.398730094730854
0.8291365370154381
0.9457253679633141
1.7321457087993621
0.9545148253440857
2.0162879221141337
2.0410692989826202
1.1828318882733584
2.069786711037159
1.1380476720631123
1.2325789839029313
1.8472783982753753
1.1502014718949796
1.5430865749716758
1.3092136681079865
1.2756626784801484
0.8889587264508009
0.8905872806906701
1.6369240790605546
0.9885811328887939
1.2664565026760102
1.37708649225533
1.027870073914528
1.4156226992607117
1.4295930236577987
1.8628767415881158
1.4067251220345498
1.4522695899009705
2.113462832570076
0.9093830142170191
1.0591947637498378
1.6697413912042975
1.1695856317877769
1.3876765936613082
0.6838724777102471
1.3136268736794592
1.26699241399765
1.2259340919554234
0.8250880505889654
1.3164902109652759
1.15682652592659
0.8022321358323097
1.2908076506108046
2.314087560772896
0.6204394325613976
1.1141439374536275
1.164228843525052
1.251980496942997
1.1107521384954453
1.6880117177963256
0.8461395127698779
0.9660454995930194
1.3781394679099321
1.1031561955809592
1.7325147897005082
1.218631674721837
1.3041967436671258
1.1986286401748658
1.6598784688860178
1.473756606504321
1.0413427021354438
1.4410027883946896
1.222025417536497
1.4275403633713721
1.8045572064816953
1.3719689548015594
0.5360923174768686
0.6062280498445034
1.0173078075051307
1.3094643531367183
0.967917500436306
1.085923222452402
2.4252153428271415
1.1765360236167908
1.6357342034578324
1.1177508652210235
1.8242052540183067
1.1466081343591212
2.0333176128566266
1.1147235620766878
1.3304207123816014
1.125060998648405
0.8970750108361244
1.2462126091122627
0.6832679314538836
0.7906902529299259
1.1530798196792602
2.320641825348139
1.0962724082171917
1.4515896931290626
1.6231483235955237
1.1529497399926185
1.0640774849802255
1.387940564006567
0.9562348928302526
1.3286900043487548
0.968081746995449
1.4722378514707088
1.1614961072802543
1.7857803359627724
1.7898199634626508
1.5777197135612369
1.6774369657039643
0.9808476656675339
1.1437939651310445
1.7723653890192508
0.9343716787174344
1.7264265805482863
1.2507142171263694
1.3116411611437797
0.6624507259577512
0.9181854594498873
1.1768418695777654
1.2282261550426483
1.3786168843507767
